.00 0
1.00 -0.0003
2.00 0
3.00 -0.0005
4.00 -0.0029
5.00 -0.001
6.00 0.0015
7.00 -0.0012
8.00 0.0036
9.00 0.0043
10.00 0.0029
11.00 0.0027
12.00 0.0021
13.00 -0.001
14.00 -0.0044
15.00 -0.0073
16.00 -0.0092
17.00 -0.012
18.00 -0.008
19.00 -0.0065
20.00 -0.0082
21.00 -0.0119
22.00 -0.0115
23.00 -0.0172
24.00 -0.0119
25.00 -0.0069
26.00 -0.003
27.00 -0.0004
28.00 -0.0023
29.00 0.001
30.00 -0.0014
31.00 -0.0042
32.00 -0.0069
33.00 -0.0099
34.00 -0.0035
35.00 -0.0083
36.00 -0.0056
37.00 -0.0016
38.00 0.0009
39.00 -0.004
40.00 -0.0054
41.00 -0.0074
42.00 -0.0054
43.00 -0.0068
44.00 -0.0102
45.00 -0.0056
46.00 -0.0056
47.00 -0.0062
48.00 -0.0056
49.00 -0.0094
50.00 -0.0085
51.00 -0.0053
52.00 -0.0027
53.00 -0.0017
54.00 -0.0026
55.00 -0.0125
56.00 -0.0139
57.00 -0.0089
58.00 -0.0065
59.00 -0.0117
60.00 -0.01
61.00 -0.0149
62.00 -0.0181
63.00 -0.0212
64.00 -0.0184
65.00 -0.0255
66.00 -0.0265
67.00 -0.0268
68.00 -0.0271
69.00 -0.0292
70.00 -0.0282
71.00 -0.0307
72.00 -0.0333
73.00 -0.0336
74.00 -0.0338
75.00 -0.0391
76.00 -0.0406
77.00 -0.0423
78.00 -0.0418
79.00 -0.0436
80.00 -0.0451
81.00 -0.0459
82.00 -0.044
83.00 -0.0471
84.00 -0.0441
85.00 -0.0442
86.00 -0.0448
87.00 -0.0406
88.00 -0.0429
89.00 -0.04
90.00 -0.0455
91.00 -0.0395
92.00 -0.0416
93.00 -0.0421
94.00 -0.0446
95.00 -0.0442
96.00 -0.0436
97.00 -0.0414
98.00 -0.0413
99.00 -0.0383
100.00 -0.0401
101.00 -0.0373
102.00 -0.0374
103.00 -0.0348
104.00 -0.0338
105.00 -0.035
106.00 -0.0326
107.00 -0.0298
108.00 -0.0311
109.00 -0.0277
110.00 -0.0335
111.00 -0.0316
112.00 -0.0332
113.00 -0.0342
114.00 -0.0348
115.00 -0.0365
116.00 -0.0372
117.00 -0.0412
118.00 -0.0426
119.00 -0.0379
120.00 -0.0411
121.00 -0.043
122.00 -0.0419
123.00 -0.0376
124.00 -0.0373
125.00 -0.0419
126.00 -0.0394
127.00 -0.0412
128.00 -0.0414
129.00 -0.0421
130.00 -0.0444
131.00 -0.0425
132.00 -0.0453
133.00 -0.0495
134.00 -0.0495
135.00 -0.0465
136.00 -0.0457
137.00 -0.0499
138.00 -0.0501
139.00 -0.0506
140.00 -0.052
141.00 -0.0514
142.00 -0.0534
143.00 -0.0501
144.00 -0.0492
145.00 -0.0491
146.00 -0.05
147.00 -0.0539
148.00 -0.0514
149.00 -0.0553
150.00 -0.0516
151.00 -0.0514
152.00 -0.0538
153.00 -0.0527
154.00 -0.0524
155.00 -0.0582
156.00 -0.0548
157.00 -0.0556
158.00 -0.057
159.00 -0.0596
160.00 -0.0594
161.00 -0.0553
162.00 -0.0593
163.00 -0.0627
164.00 -0.061
165.00 -0.063
166.00 -0.0612
167.00 -0.0581
168.00 -0.0578
169.00 -0.0584
170.00 -0.0535
171.00 -0.0535
172.00 -0.0551
173.00 -0.0513
174.00 -0.0477
175.00 -0.043
176.00 -0.043
177.00 -0.043
178.00 -0.0421
179.00 -0.0415
180.00 -0.0399
181.00 -0.0385
182.00 -0.0432
183.00 -0.0392
184.00 -0.0422
185.00 -0.042
186.00 -0.0382
187.00 -0.0379
188.00 -0.0393
189.00 -0.038
190.00 -0.0339
191.00 -0.0338
192.00 -0.036
193.00 -0.0378
194.00 -0.0378
195.00 -0.0415
196.00 -0.0379
197.00 -0.0373
198.00 -0.0365
199.00 -0.036
200.00 -0.037
