.00 0
1.00 -0.0003
2.00 -0.0015
3.00 -0.0003
4.00 -0.0009
5.00 -0.0042
6.00 -0.0022
7.00 -0.0063
8.00 -0.0049
9.00 -0.0034
10.00 -0.0058
11.00 -0.0049
12.00 -0.0077
13.00 -0.0091
14.00 -0.0117
15.00 -0.0113
16.00 -0.0135
17.00 -0.0127
18.00 -0.0075
19.00 -0.0067
20.00 -0.0154
21.00 -0.018
22.00 -0.0173
23.00 -0.0187
24.00 -0.0134
25.00 -0.0119
26.00 -0.0132
27.00 -0.0115
28.00 -0.0056
29.00 -0.0031
30.00 -0.0055
31.00 -0.0089
32.00 -0.0111
33.00 -0.0181
34.00 -0.0128
35.00 -0.0151
36.00 -0.0128
37.00 -0.0118
38.00 -0.0099
39.00 -0.0093
40.00 -0.0084
41.00 -0.011
42.00 -0.0076
43.00 -0.0081
44.00 -0.0059
45.00 -0.0039
46.00 -0.0034
47.00 -0.0081
48.00 -0.009
49.00 -0.0093
50.00 -0.0118
51.00 -0.0095
52.00 -0.0083
53.00 -0.0059
54.00 -0.0052
55.00 -0.0104
56.00 -0.0077
57.00 -0.0099
58.00 -0.0052
59.00 -0.0079
60.00 -0.0075
61.00 -0.0114
62.00 -0.0182
63.00 -0.015
64.00 -0.0153
65.00 -0.0194
66.00 -0.0174
67.00 -0.0195
68.00 -0.0159
69.00 -0.0173
70.00 -0.0164
71.00 -0.0176
72.00 -0.0195
73.00 -0.0182
74.00 -0.0159
75.00 -0.0175
76.00 -0.0175
77.00 -0.0147
78.00 -0.0187
79.00 -0.0195
80.00 -0.0177
81.00 -0.0189
82.00 -0.0176
83.00 -0.0202
84.00 -0.0157
85.00 -0.0187
86.00 -0.0201
87.00 -0.0138
88.00 -0.0185
89.00 -0.0149
90.00 -0.021
91.00 -0.0163
92.00 -0.0152
93.00 -0.0177
94.00 -0.0162
95.00 -0.0186
96.00 -0.0206
97.00 -0.0177
98.00 -0.0183
99.00 -0.0186
100.00 -0.024
101.00 -0.0244
102.00 -0.0229
103.00 -0.0203
104.00 -0.0222
105.00 -0.0183
106.00 -0.0191
107.00 -0.0163
108.00 -0.0156
109.00 -0.0121
110.00 -0.0169
111.00 -0.016
112.00 -0.0182
113.00 -0.0248
114.00 -0.0236
115.00 -0.0234
116.00 -0.025
117.00 -0.0283
118.00 -0.0297
119.00 -0.0255
120.00 -0.0307
121.00 -0.0296
122.00 -0.0252
123.00 -0.0267
124.00 -0.0239
125.00 -0.0291
126.00 -0.0269
127.00 -0.0249
128.00 -0.0233
129.00 -0.0252
130.00 -0.0284
131.00 -0.0285
132.00 -0.0344
133.00 -0.0337
134.00 -0.034
135.00 -0.0352
136.00 -0.0334
137.00 -0.0391
138.00 -0.0405
139.00 -0.0407
140.00 -0.0435
141.00 -0.045
142.00 -0.046
143.00 -0.0448
144.00 -0.0457
145.00 -0.0459
146.00 -0.0439
147.00 -0.0433
148.00 -0.0421
149.00 -0.045
150.00 -0.043
151.00 -0.0427
152.00 -0.0453
153.00 -0.0452
154.00 -0.0461
155.00 -0.0486
156.00 -0.0491
157.00 -0.0466
158.00 -0.0451
159.00 -0.0476
160.00 -0.0489
161.00 -0.0477
162.00 -0.0496
163.00 -0.052
164.00 -0.056
165.00 -0.0511
166.00 -0.048
167.00 -0.0471
168.00 -0.0516
169.00 -0.0506
170.00 -0.0535
171.00 -0.0558
172.00 -0.054
173.00 -0.0507
174.00 -0.0513
175.00 -0.0457
176.00 -0.047
177.00 -0.0471
178.00 -0.0451
179.00 -0.0466
180.00 -0.0478
181.00 -0.0468
182.00 -0.046
183.00 -0.0441
184.00 -0.0469
185.00 -0.0468
186.00 -0.0414
187.00 -0.0408
188.00 -0.0399
189.00 -0.0381
190.00 -0.0345
191.00 -0.0354
192.00 -0.039
193.00 -0.0373
194.00 -0.0401
195.00 -0.0406
196.00 -0.0419
197.00 -0.0396
198.00 -0.0429
199.00 -0.0397
200.00 -0.0382
