.00 0
1.00 0
2.00 -0.0001
3.00 0.0005
4.00 0.0021
5.00 0.0041
6.00 0.0039
7.00 0.0047
8.00 0.0062
9.00 0.0064
10.00 0.0054
11.00 0.0064
12.00 0.0052
13.00 0.0051
14.00 0.0036
15.00 0.0009
16.00 -0.0031
17.00 -0.004
18.00 -0.0005
19.00 0.0051
20.00 0.0042
21.00 -0.0021
22.00 -0.0054
23.00 -0.0114
24.00 -0.013
25.00 -0.0158
26.00 -0.01
27.00 -0.0055
28.00 -0.0042
29.00 0.0031
30.00 0.0022
31.00 0.0023
32.00 0.0018
33.00 -0.0011
34.00 0.0012
35.00 -0.002
36.00 -0.001
37.00 -0.0036
38.00 -0.0023
39.00 0.0008
40.00 0.0007
41.00 0.0001
42.00 -0.0056
43.00 -0.0073
44.00 -0.0062
45.00 -0.0012
46.00 0.0001
47.00 -0.0028
48.00 0
49.00 -0.0002
50.00 -0.0034
51.00 -0.0002
52.00 0.0029
53.00 0.006
54.00 0.0055
55.00 0.007
56.00 0.0058
57.00 0.005
58.00 0.0083
59.00 0.0058
60.00 0.0081
61.00 0.0082
62.00 0.0052
63.00 0.0036
64.00 0.0058
65.00 0.0031
66.00 0.0003
67.00 -0.0013
68.00 0.0005
69.00 0.0015
70.00 -0.0008
71.00 -0.0027
72.00 -0.0048
73.00 -0.0051
74.00 -0.0086
75.00 -0.0084
76.00 -0.0106
77.00 -0.0074
78.00 -0.0062
79.00 -0.0077
80.00 -0.0077
81.00 -0.0087
82.00 -0.0054
83.00 -0.0082
84.00 -0.0065
85.00 -0.0048
86.00 -0.0051
87.00 -0.0009
88.00 -0.0028
89.00 -0.0039
90.00 -0.0083
91.00 -0.0035
92.00 -0.0021
93.00 -0.0026
94.00 -0.004
95.00 -0.0051
96.00 -0.0058
97.00 -0.0013
98.00 -0.0012
99.00 -0.004
100.00 -0.0063
101.00 -0.0086
102.00 -0.0086
103.00 -0.0075
104.00 -0.009
105.00 -0.0048
106.00 -0.0043
107.00 0.0016
108.00 -0.0022
109.00 0.002
110.00 -0.0043
111.00 -0.0039
112.00 -0.0051
113.00 -0.0067
114.00 -0.0082
115.00 -0.0078
116.00 -0.0094
117.00 -0.0137
118.00 -0.0126
119.00 -0.0087
120.00 -0.0099
121.00 -0.0102
122.00 -0.0066
123.00 -0.0067
124.00 -0.0035
125.00 -0.0068
126.00 -0.0027
127.00 -0.0035
128.00 -0.0058
129.00 -0.0082
130.00 -0.0104
131.00 -0.0108
132.00 -0.0147
133.00 -0.0124
134.00 -0.0149
135.00 -0.0119
136.00 -0.0135
137.00 -0.0127
138.00 -0.0153
139.00 -0.0175
140.00 -0.0188
141.00 -0.0194
142.00 -0.0221
143.00 -0.0193
144.00 -0.0189
145.00 -0.0169
146.00 -0.015
147.00 -0.0192
148.00 -0.02
149.00 -0.0184
150.00 -0.0195
151.00 -0.0215
152.00 -0.0232
153.00 -0.0255
154.00 -0.0249
155.00 -0.026
156.00 -0.0256
157.00 -0.024
158.00 -0.0227
159.00 -0.0211
160.00 -0.0215
161.00 -0.0225
162.00 -0.0219
163.00 -0.0227
164.00 -0.0243
165.00 -0.0243
166.00 -0.0221
167.00 -0.024
168.00 -0.026
169.00 -0.0245
170.00 -0.0209
171.00 -0.0233
172.00 -0.0222
173.00 -0.0179
174.00 -0.014
175.00 -0.0126
176.00 -0.0164
177.00 -0.0127
178.00 -0.0133
179.00 -0.0186
180.00 -0.0183
181.00 -0.0162
182.00 -0.0206
183.00 -0.0164
184.00 -0.0238
185.00 -0.024
186.00 -0.0215
187.00 -0.0164
188.00 -0.0221
189.00 -0.0199
190.00 -0.0173
191.00 -0.0167
192.00 -0.0224
193.00 -0.0231
194.00 -0.022
195.00 -0.0254
196.00 -0.0283
197.00 -0.0271
198.00 -0.0297
199.00 -0.0293
200.00 -0.0276
