.00 0
1.00 -0.0003
2.00 -0.0004
3.00 0.0008
4.00 -0.0004
5.00 0.0048
6.00 0.0049
7.00 0.0067
8.00 0.0064
9.00 0.0047
10.00 0.0006
11.00 0.0051
12.00 0.0049
13.00 0.0017
14.00 0.0008
15.00 -0.0026
16.00 -0.0042
17.00 -0.0055
18.00 -0.0026
19.00 -0.0009
20.00 -0.0049
21.00 -0.0102
22.00 -0.0085
23.00 -0.0097
24.00 -0.0097
25.00 -0.0039
26.00 -0.0029
27.00 0.0033
28.00 0.0035
29.00 0.0064
30.00 0.0057
31.00 0.0058
32.00 0.0079
33.00 0.0035
34.00 0.0065
35.00 0.0065
36.00 0.0051
37.00 0.0053
38.00 0.0061
39.00 0.0025
40.00 0.0032
41.00 0.001
42.00 0.0002
43.00 0.0004
44.00 0.0002
45.00 0.009
46.00 0.009
47.00 0.0059
48.00 0.0047
49.00 0.0054
50.00 0.0037
51.00 0.0053
52.00 0.0072
53.00 0.0085
54.00 0.0098
55.00 0.0115
56.00 0.0102
57.00 0.0129
58.00 0.0138
59.00 0.0111
60.00 0.0127
61.00 0.0096
62.00 0.0063
63.00 0.0049
64.00 0.011
65.00 0.0068
66.00 0.0074
67.00 0.0026
68.00 0.0033
69.00 0.0042
70.00 -0.0001
71.00 -0.0042
72.00 -0.0035
73.00 -0.001
74.00 -0.0025
75.00 -0.0008
76.00 -0.0023
77.00 -0.0023
78.00 -0.0025
79.00 -0.007
80.00 -0.0085
81.00 -0.0075
82.00 -0.0082
83.00 -0.0067
84.00 -0.0098
85.00 -0.0128
86.00 -0.0167
87.00 -0.0142
88.00 -0.0183
89.00 -0.0145
90.00 -0.0187
91.00 -0.013
92.00 -0.0156
93.00 -0.0202
94.00 -0.0238
95.00 -0.0224
96.00 -0.0255
97.00 -0.0263
98.00 -0.0205
99.00 -0.0236
100.00 -0.0272
101.00 -0.0251
102.00 -0.0235
103.00 -0.0221
104.00 -0.022
105.00 -0.0204
106.00 -0.0255
107.00 -0.0179
108.00 -0.0217
109.00 -0.0204
110.00 -0.024
111.00 -0.024
112.00 -0.0259
113.00 -0.0267
114.00 -0.0271
115.00 -0.0291
116.00 -0.0327
117.00 -0.0342
118.00 -0.0339
119.00 -0.0329
120.00 -0.0349
121.00 -0.0345
122.00 -0.0367
123.00 -0.0388
124.00 -0.0346
125.00 -0.0406
126.00 -0.04
127.00 -0.0402
128.00 -0.0405
129.00 -0.0393
130.00 -0.0405
131.00 -0.0386
132.00 -0.0396
133.00 -0.0402
134.00 -0.0391
135.00 -0.037
136.00 -0.0369
137.00 -0.0395
138.00 -0.0361
139.00 -0.0361
140.00 -0.0386
141.00 -0.0391
142.00 -0.0426
143.00 -0.0385
144.00 -0.035
145.00 -0.0335
146.00 -0.0364
147.00 -0.0388
148.00 -0.0401
149.00 -0.0396
150.00 -0.0387
151.00 -0.0372
152.00 -0.0395
153.00 -0.0392
154.00 -0.0378
155.00 -0.0356
156.00 -0.0369
157.00 -0.0351
158.00 -0.0363
159.00 -0.0347
160.00 -0.0349
161.00 -0.0352
162.00 -0.0372
163.00 -0.0379
164.00 -0.037
165.00 -0.0358
166.00 -0.0334
167.00 -0.031
168.00 -0.0317
169.00 -0.0323
170.00 -0.0296
171.00 -0.0302
172.00 -0.0297
173.00 -0.0255
174.00 -0.0219
175.00 -0.0194
176.00 -0.0216
177.00 -0.0213
178.00 -0.0206
179.00 -0.0223
180.00 -0.0222
181.00 -0.0157
182.00 -0.0181
183.00 -0.0108
184.00 -0.014
185.00 -0.0168
186.00 -0.0118
187.00 -0.0103
188.00 -0.0093
189.00 -0.0088
190.00 -0.0063
191.00 -0.0082
192.00 -0.0121
193.00 -0.0105
194.00 -0.0122
195.00 -0.0111
196.00 -0.0106
197.00 -0.0116
198.00 -0.0151
199.00 -0.0115
200.00 -0.0121
