.00 0
1.00 0
2.00 0.0003
3.00 -0.0004
4.00 0.0014
5.00 -0.002
6.00 0.0024
7.00 -0.0031
8.00 0.0029
9.00 -0.001
10.00 -0.0025
11.00 -0.0016
12.00 0.0012
13.00 -0.0049
14.00 -0.0045
15.00 -0.0067
16.00 -0.0073
17.00 -0.0095
18.00 -0.0068
19.00 -0.0051
20.00 -0.0056
21.00 -0.0065
22.00 -0.0052
23.00 -0.0102
24.00 -0.008
25.00 -0.0034
26.00 -0.0016
27.00 0.0008
28.00 0.0018
29.00 0.0094
30.00 0.0065
31.00 0.0093
32.00 0.0084
33.00 0.0051
34.00 0.0088
35.00 0.0083
36.00 0.0062
37.00 0.0096
38.00 0.0107
39.00 0.0109
40.00 0.0073
41.00 0.0097
42.00 0.0082
43.00 0.0118
44.00 0.012
45.00 0.0171
46.00 0.0191
47.00 0.0186
48.00 0.0222
49.00 0.0206
50.00 0.0192
51.00 0.0234
52.00 0.0276
53.00 0.0255
54.00 0.0268
55.00 0.023
56.00 0.0214
57.00 0.0227
58.00 0.0228
59.00 0.0174
60.00 0.0215
61.00 0.022
62.00 0.0222
63.00 0.0189
64.00 0.025
65.00 0.0194
66.00 0.0161
67.00 0.0149
68.00 0.0173
69.00 0.0137
70.00 0.0155
71.00 0.0145
72.00 0.0137
73.00 0.0154
74.00 0.0155
75.00 0.0103
76.00 0.0111
77.00 0.0116
78.00 0.012
79.00 0.0101
80.00 0.01
81.00 0.0064
82.00 0.0061
83.00 0.0039
84.00 0.0059
85.00 0.0021
86.00 0.0031
87.00 0.0045
88.00 0.0033
89.00 0.008
90.00 -0.0017
91.00 0.0025
92.00 0.0043
93.00 0.0043
94.00 0.0058
95.00 0.0066
96.00 0.0049
97.00 0.0061
98.00 0.0075
99.00 0.0118
100.00 0.009
101.00 0.0079
102.00 0.0067
103.00 0.0091
104.00 0.0094
105.00 0.0094
106.00 0.0061
107.00 0.0071
108.00 0.0081
109.00 0.0055
110.00 0.001
111.00 0.006
112.00 0.0096
113.00 0.0045
114.00 0.0022
115.00 0.0021
116.00 -0.0013
117.00 -0.0015
118.00 -0.003
119.00 0.0063
120.00 0.0025
121.00 0.001
122.00 0.0054
123.00 0.0039
124.00 0.0089
125.00 0.0043
126.00 0.0076
127.00 0.0072
128.00 0.0058
129.00 0.0039
130.00 0.0014
131.00 0.0056
132.00 0.0021
133.00 0
134.00 -0.0027
135.00 -0.0034
136.00 -0.0015
137.00 -0.0028
138.00 -0.0029
139.00 -0.0031
140.00 -0.0051
141.00 -0.0054
142.00 -0.0071
143.00 -0.0054
144.00 -0.0047
145.00 -0.0021
146.00 -0.0044
147.00 -0.0074
148.00 -0.0107
149.00 -0.0113
150.00 -0.0097
151.00 -0.0111
152.00 -0.014
153.00 -0.0156
154.00 -0.0139
155.00 -0.0191
156.00 -0.0204
157.00 -0.0184
158.00 -0.0183
159.00 -0.0217
160.00 -0.02
161.00 -0.0189
162.00 -0.0226
163.00 -0.0259
164.00 -0.0238
165.00 -0.0244
166.00 -0.0228
167.00 -0.0191
168.00 -0.0233
169.00 -0.0286
170.00 -0.0253
171.00 -0.0245
172.00 -0.0264
173.00 -0.0232
174.00 -0.0182
175.00 -0.0157
176.00 -0.0164
177.00 -0.0162
178.00 -0.0168
179.00 -0.019
180.00 -0.0188
181.00 -0.0166
182.00 -0.0212
183.00 -0.0128
184.00 -0.0137
185.00 -0.0151
186.00 -0.0095
187.00 -0.0072
188.00 -0.008
189.00 -0.0044
190.00 -0.0013
191.00 -0.0033
192.00 -0.0049
193.00 -0.0037
194.00 -0.0028
195.00 -0.0056
196.00 -0.003
197.00 -0.0021
198.00 -0.0057
199.00 -0.0043
200.00 -0.0022
