.00 0
1.00 -0.0006
2.00 -0.0011
3.00 -0.0015
4.00 -0.003
5.00 -0.0024
6.00 -0.005
7.00 -0.003
8.00 0.0001
9.00 0.001
10.00 -0.0022
11.00 -0.0021
12.00 -0.0006
13.00 0.0007
14.00 -0.0015
15.00 -0.0052
16.00 -0.0087
17.00 -0.0111
18.00 -0.0098
19.00 -0.0067
20.00 -0.0083
21.00 -0.0145
22.00 -0.0142
23.00 -0.0188
24.00 -0.0152
25.00 -0.0126
26.00 -0.0106
27.00 -0.0121
28.00 -0.0173
29.00 -0.0121
30.00 -0.0167
31.00 -0.0178
32.00 -0.0179
33.00 -0.0218
34.00 -0.0197
35.00 -0.0207
36.00 -0.0216
37.00 -0.0175
38.00 -0.0204
39.00 -0.0203
40.00 -0.0214
41.00 -0.0239
42.00 -0.025
43.00 -0.0233
44.00 -0.0231
45.00 -0.0185
46.00 -0.0189
47.00 -0.0224
48.00 -0.0187
49.00 -0.0212
50.00 -0.0224
51.00 -0.0197
52.00 -0.0185
53.00 -0.0176
54.00 -0.0149
55.00 -0.0188
56.00 -0.0161
57.00 -0.0161
58.00 -0.0158
59.00 -0.0164
60.00 -0.0146
61.00 -0.0173
62.00 -0.0176
63.00 -0.0189
64.00 -0.0191
65.00 -0.0295
66.00 -0.0291
67.00 -0.0284
68.00 -0.0328
69.00 -0.0331
70.00 -0.0331
71.00 -0.0356
72.00 -0.0367
73.00 -0.0368
74.00 -0.0378
75.00 -0.0406
76.00 -0.0389
77.00 -0.0433
78.00 -0.0448
79.00 -0.0466
80.00 -0.0476
81.00 -0.0506
82.00 -0.0494
83.00 -0.05
84.00 -0.0502
85.00 -0.0514
86.00 -0.0563
87.00 -0.0536
88.00 -0.0572
89.00 -0.0539
90.00 -0.0629
91.00 -0.0562
92.00 -0.0579
93.00 -0.0576
94.00 -0.0587
95.00 -0.06
96.00 -0.0628
97.00 -0.0608
98.00 -0.0601
99.00 -0.0579
100.00 -0.0577
101.00 -0.0577
102.00 -0.0609
103.00 -0.0612
104.00 -0.0624
105.00 -0.0587
106.00 -0.0599
107.00 -0.0561
108.00 -0.0593
109.00 -0.0554
110.00 -0.0594
111.00 -0.0588
112.00 -0.0594
113.00 -0.0603
114.00 -0.0665
115.00 -0.066
116.00 -0.068
117.00 -0.0753
118.00 -0.0733
119.00 -0.0696
120.00 -0.0736
121.00 -0.0752
122.00 -0.072
123.00 -0.0716
124.00 -0.0706
125.00 -0.0753
126.00 -0.0756
127.00 -0.0737
128.00 -0.0748
129.00 -0.0785
130.00 -0.0784
131.00 -0.0785
132.00 -0.0812
133.00 -0.0788
134.00 -0.083
135.00 -0.0852
136.00 -0.0831
137.00 -0.082
138.00 -0.0841
139.00 -0.0826
140.00 -0.0869
141.00 -0.086
142.00 -0.0918
143.00 -0.0899
144.00 -0.0939
145.00 -0.0929
146.00 -0.0929
147.00 -0.0921
148.00 -0.0928
149.00 -0.091
150.00 -0.0923
151.00 -0.0918
152.00 -0.0957
153.00 -0.0956
154.00 -0.0954
155.00 -0.0976
156.00 -0.0977
157.00 -0.0971
158.00 -0.0969
159.00 -0.1016
160.00 -0.1021
161.00 -0.1028
162.00 -0.1049
163.00 -0.1078
164.00 -0.1085
165.00 -0.1119
166.00 -0.1103
167.00 -0.1071
168.00 -0.1102
169.00 -0.1151
170.00 -0.1122
171.00 -0.1111
172.00 -0.1103
173.00 -0.1086
174.00 -0.1088
175.00 -0.104
176.00 -0.1045
177.00 -0.1054
178.00 -0.1057
179.00 -0.1049
180.00 -0.1063
181.00 -0.1056
182.00 -0.1066
183.00 -0.1053
184.00 -0.1102
185.00 -0.109
186.00 -0.1053
187.00 -0.1046
188.00 -0.1027
189.00 -0.1065
190.00 -0.1062
191.00 -0.1095
192.00 -0.1106
193.00 -0.1107
194.00 -0.1113
195.00 -0.1158
196.00 -0.1167
197.00 -0.1153
198.00 -0.1132
199.00 -0.1126
200.00 -0.1139
