.00 0
1.00 -0.0005
2.00 -0.0012
3.00 -0.0009
4.00 0.0012
5.00 -0.0018
6.00 -0.0031
7.00 -0.0008
8.00 0.0021
9.00 0.0006
10.00 -0.0015
11.00 -0.0006
12.00 -0.0022
13.00 -0.006
14.00 -0.0072
15.00 -0.0118
16.00 -0.0128
17.00 -0.0115
18.00 -0.0108
19.00 -0.0062
20.00 -0.0132
21.00 -0.0183
22.00 -0.0171
23.00 -0.0206
24.00 -0.0168
25.00 -0.0136
26.00 -0.0119
27.00 -0.0078
28.00 -0.0079
29.00 -0.0053
30.00 -0.0113
31.00 -0.0114
32.00 -0.0155
33.00 -0.0203
34.00 -0.017
35.00 -0.0209
36.00 -0.0247
37.00 -0.0213
38.00 -0.02
39.00 -0.0187
40.00 -0.0224
41.00 -0.0267
42.00 -0.028
43.00 -0.0283
44.00 -0.027
45.00 -0.0241
46.00 -0.023
47.00 -0.0249
48.00 -0.0224
49.00 -0.0248
50.00 -0.0269
51.00 -0.0228
52.00 -0.0207
53.00 -0.0198
54.00 -0.0193
55.00 -0.0246
56.00 -0.0271
57.00 -0.0278
58.00 -0.0273
59.00 -0.025
60.00 -0.0231
61.00 -0.0263
62.00 -0.0276
63.00 -0.0287
64.00 -0.0257
65.00 -0.0283
66.00 -0.028
67.00 -0.031
68.00 -0.0335
69.00 -0.0311
70.00 -0.0336
71.00 -0.038
72.00 -0.0407
73.00 -0.038
74.00 -0.036
75.00 -0.0377
76.00 -0.0411
77.00 -0.0377
78.00 -0.0407
79.00 -0.0419
80.00 -0.0402
81.00 -0.0483
82.00 -0.0418
83.00 -0.0437
84.00 -0.0435
85.00 -0.0453
86.00 -0.0471
87.00 -0.0431
88.00 -0.0439
89.00 -0.0445
90.00 -0.0518
91.00 -0.0456
92.00 -0.0459
93.00 -0.0519
94.00 -0.0531
95.00 -0.0553
96.00 -0.0557
97.00 -0.0577
98.00 -0.0582
99.00 -0.0567
100.00 -0.0588
101.00 -0.0586
102.00 -0.0632
103.00 -0.0594
104.00 -0.061
105.00 -0.0614
106.00 -0.0637
107.00 -0.0623
108.00 -0.0677
109.00 -0.0623
110.00 -0.0673
111.00 -0.0688
112.00 -0.0697
113.00 -0.0763
114.00 -0.0773
115.00 -0.0787
116.00 -0.0825
117.00 -0.0856
118.00 -0.0882
119.00 -0.0843
120.00 -0.0875
121.00 -0.0866
122.00 -0.0847
123.00 -0.0859
124.00 -0.0833
125.00 -0.0912
126.00 -0.0927
127.00 -0.0918
128.00 -0.096
129.00 -0.0953
130.00 -0.0959
131.00 -0.0965
132.00 -0.0964
133.00 -0.0989
134.00 -0.1012
135.00 -0.1036
136.00 -0.1018
137.00 -0.1036
138.00 -0.1029
139.00 -0.1047
140.00 -0.1078
141.00 -0.1071
142.00 -0.1134
143.00 -0.1092
144.00 -0.1087
145.00 -0.108
146.00 -0.108
147.00 -0.1094
148.00 -0.1093
149.00 -0.1104
150.00 -0.1108
151.00 -0.11
152.00 -0.1103
153.00 -0.1108
154.00 -0.1131
155.00 -0.1144
156.00 -0.1146
157.00 -0.113
158.00 -0.1107
159.00 -0.1105
160.00 -0.113
161.00 -0.1135
162.00 -0.1128
163.00 -0.1174
164.00 -0.1196
165.00 -0.1207
166.00 -0.1185
167.00 -0.1156
168.00 -0.1174
169.00 -0.1211
170.00 -0.1186
171.00 -0.1183
172.00 -0.1187
173.00 -0.1149
174.00 -0.1128
175.00 -0.1099
176.00 -0.1143
177.00 -0.1133
178.00 -0.1167
179.00 -0.1229
180.00 -0.1251
181.00 -0.1211
182.00 -0.1262
183.00 -0.1221
184.00 -0.1279
185.00 -0.1315
186.00 -0.1279
187.00 -0.1324
188.00 -0.1356
189.00 -0.134
190.00 -0.1287
191.00 -0.1317
192.00 -0.132
193.00 -0.1356
194.00 -0.1325
195.00 -0.1327
196.00 -0.1318
197.00 -0.132
198.00 -0.1338
199.00 -0.1328
200.00 -0.1297
