.00 0
1.00 -0.0006
2.00 -0.0023
3.00 -0.0004
4.00 -0.0047
5.00 -0.0024
6.00 0.0013
7.00 0.0049
8.00 0.0096
9.00 0.0082
10.00 0.0067
11.00 0.0055
12.00 0.0057
13.00 0.0032
14.00 -0.0003
15.00 -0.0039
16.00 -0.0062
17.00 -0.0056
18.00 -0.0048
19.00 -0.004
20.00 -0.0084
21.00 -0.0131
22.00 -0.0146
23.00 -0.017
24.00 -0.0139
25.00 -0.0121
26.00 -0.0174
27.00 -0.021
28.00 -0.0207
29.00 -0.0138
30.00 -0.0162
31.00 -0.0125
32.00 -0.0132
33.00 -0.0134
34.00 -0.0082
35.00 -0.0085
36.00 -0.0093
37.00 -0.0058
38.00 -0.0066
39.00 -0.0026
40.00 -0.0053
41.00 -0.007
42.00 -0.0069
43.00 -0.0084
44.00 -0.0066
45.00 -0.0013
46.00 -0.0014
47.00 -0.0039
48.00 -0.0053
49.00 -0.0009
50.00 -0.0005
51.00 0.0015
52.00 0.0027
53.00 0.0018
54.00 0.0008
55.00 -0.0004
56.00 -0.0033
57.00 -0.0025
58.00 -0.0033
59.00 -0.0044
60.00 -0.0048
61.00 -0.006
62.00 -0.0104
63.00 -0.0092
64.00 -0.0079
65.00 -0.0103
66.00 -0.009
67.00 -0.0106
68.00 -0.0062
69.00 -0.0085
70.00 -0.0085
71.00 -0.0135
72.00 -0.0156
73.00 -0.0163
74.00 -0.0201
75.00 -0.018
76.00 -0.0186
77.00 -0.019
78.00 -0.0206
79.00 -0.0218
80.00 -0.0194
81.00 -0.0235
82.00 -0.0203
83.00 -0.0227
84.00 -0.0217
85.00 -0.0246
86.00 -0.0229
87.00 -0.0151
88.00 -0.0235
89.00 -0.0208
90.00 -0.0304
91.00 -0.0255
92.00 -0.0261
93.00 -0.0253
94.00 -0.0296
95.00 -0.0301
96.00 -0.0333
97.00 -0.0296
98.00 -0.0283
99.00 -0.0265
100.00 -0.0307
101.00 -0.0287
102.00 -0.0317
103.00 -0.0317
104.00 -0.0333
105.00 -0.0291
106.00 -0.0292
107.00 -0.0268
108.00 -0.0282
109.00 -0.0264
110.00 -0.0302
111.00 -0.0302
112.00 -0.0323
113.00 -0.0367
114.00 -0.0373
115.00 -0.0382
116.00 -0.039
117.00 -0.0407
118.00 -0.0382
119.00 -0.0341
120.00 -0.0364
121.00 -0.0361
122.00 -0.0381
123.00 -0.0375
124.00 -0.0374
125.00 -0.0379
126.00 -0.0364
127.00 -0.0411
128.00 -0.0458
129.00 -0.0521
130.00 -0.0516
131.00 -0.0512
132.00 -0.0502
133.00 -0.0499
134.00 -0.05
135.00 -0.0515
136.00 -0.0477
137.00 -0.0476
138.00 -0.0451
139.00 -0.0463
140.00 -0.0499
141.00 -0.0473
142.00 -0.0505
143.00 -0.0483
144.00 -0.0443
145.00 -0.0456
146.00 -0.0462
147.00 -0.0442
148.00 -0.0427
149.00 -0.0414
150.00 -0.045
151.00 -0.0469
152.00 -0.0486
153.00 -0.0549
154.00 -0.0564
155.00 -0.0617
156.00 -0.0613
157.00 -0.0619
158.00 -0.0617
159.00 -0.0662
160.00 -0.064
161.00 -0.0621
162.00 -0.065
163.00 -0.066
164.00 -0.0648
165.00 -0.0674
166.00 -0.069
167.00 -0.0665
168.00 -0.0637
169.00 -0.0655
170.00 -0.0667
171.00 -0.0681
172.00 -0.0675
173.00 -0.0667
174.00 -0.0706
175.00 -0.071
176.00 -0.071
177.00 -0.072
178.00 -0.0678
179.00 -0.0681
180.00 -0.0667
181.00 -0.0629
182.00 -0.0635
183.00 -0.0613
184.00 -0.062
185.00 -0.0604
186.00 -0.0553
187.00 -0.0558
188.00 -0.059
189.00 -0.0549
190.00 -0.052
191.00 -0.0539
192.00 -0.057
193.00 -0.0573
194.00 -0.0567
195.00 -0.0573
196.00 -0.0535
197.00 -0.0529
198.00 -0.0556
199.00 -0.0544
200.00 -0.0513
