.00 0
1.00 -0.0003
2.00 -0.0033
3.00 -0.0025
4.00 -0.0013
5.00 0.003
6.00 -0.0031
7.00 -0.0015
8.00 -0.0021
9.00 -0.0019
10.00 -0.0033
11.00 -0.0035
12.00 -0.0095
13.00 -0.0099
14.00 -0.0108
15.00 -0.0114
16.00 -0.0117
17.00 -0.0122
18.00 -0.0129
19.00 -0.0108
20.00 -0.0093
21.00 -0.0129
22.00 -0.0145
23.00 -0.0162
24.00 -0.0157
25.00 -0.0124
26.00 -0.0106
27.00 -0.0061
28.00 -0.0049
29.00 0
30.00 -0.0032
31.00 -0.0035
32.00 -0.002
33.00 -0.0057
34.00 -0.0001
35.00 0.0019
36.00 0.0057
37.00 0.0069
38.00 0.007
39.00 0.0101
40.00 0.008
41.00 0.0075
42.00 0.0069
43.00 0.0071
44.00 0.0048
45.00 0.0085
46.00 0.0066
47.00 0.011
48.00 0.0139
49.00 0.0084
50.00 0.0084
51.00 0.0103
52.00 0.0111
53.00 0.0126
54.00 0.016
55.00 0.0081
56.00 0.0079
57.00 0.0083
58.00 0.0063
59.00 0.0034
60.00 0.0046
61.00 -0.0013
62.00 -0.0047
63.00 -0.0059
64.00 -0.0044
65.00 -0.006
66.00 -0.008
67.00 -0.0087
68.00 -0.0111
69.00 -0.0139
70.00 -0.0112
71.00 -0.0143
72.00 -0.017
73.00 -0.0139
74.00 -0.0148
75.00 -0.0136
76.00 -0.0151
77.00 -0.0145
78.00 -0.0162
79.00 -0.0185
80.00 -0.0222
81.00 -0.0231
82.00 -0.0159
83.00 -0.0177
84.00 -0.012
85.00 -0.0115
86.00 -0.0138
87.00 -0.0126
88.00 -0.0178
89.00 -0.0133
90.00 -0.0151
91.00 -0.0133
92.00 -0.0113
93.00 -0.0162
94.00 -0.0134
95.00 -0.0186
96.00 -0.0203
97.00 -0.0204
98.00 -0.0166
99.00 -0.0144
100.00 -0.018
101.00 -0.0208
102.00 -0.0229
103.00 -0.0233
104.00 -0.0275
105.00 -0.0228
106.00 -0.0227
107.00 -0.0167
108.00 -0.0208
109.00 -0.0178
110.00 -0.0204
111.00 -0.0198
112.00 -0.0231
113.00 -0.0251
114.00 -0.027
115.00 -0.0242
116.00 -0.0255
117.00 -0.0281
118.00 -0.0305
119.00 -0.0221
120.00 -0.0254
121.00 -0.0254
122.00 -0.025
123.00 -0.0233
124.00 -0.021
125.00 -0.0237
126.00 -0.0209
127.00 -0.0255
128.00 -0.0248
129.00 -0.0265
130.00 -0.0287
131.00 -0.0261
132.00 -0.0274
133.00 -0.0261
134.00 -0.0291
135.00 -0.0293
136.00 -0.0295
137.00 -0.0316
138.00 -0.0293
139.00 -0.0303
140.00 -0.0344
141.00 -0.0353
142.00 -0.0367
143.00 -0.0377
144.00 -0.0388
145.00 -0.038
146.00 -0.0361
147.00 -0.0354
148.00 -0.0376
149.00 -0.0367
150.00 -0.037
151.00 -0.0342
152.00 -0.0358
153.00 -0.0331
154.00 -0.0318
155.00 -0.0349
156.00 -0.0355
157.00 -0.0372
158.00 -0.0364
159.00 -0.0361
160.00 -0.0358
161.00 -0.0361
162.00 -0.0352
163.00 -0.0378
164.00 -0.0376
165.00 -0.0384
166.00 -0.0363
167.00 -0.035
168.00 -0.034
169.00 -0.0347
170.00 -0.0331
171.00 -0.0375
172.00 -0.0376
173.00 -0.0332
174.00 -0.0309
175.00 -0.0249
176.00 -0.029
177.00 -0.0262
178.00 -0.025
179.00 -0.0273
180.00 -0.0292
181.00 -0.0268
182.00 -0.0258
183.00 -0.0215
184.00 -0.0242
185.00 -0.0237
186.00 -0.0205
187.00 -0.016
188.00 -0.0164
189.00 -0.0175
190.00 -0.0155
191.00 -0.018
192.00 -0.0183
193.00 -0.0205
194.00 -0.0211
195.00 -0.0245
196.00 -0.0271
197.00 -0.0294
198.00 -0.0291
199.00 -0.0274
200.00 -0.0244
