.00 0
1.00 -0.0004
2.00 -0.0023
3.00 -0.0027
4.00 -0.0018
5.00 0.0009
6.00 0.0018
7.00 -0.0036
8.00 0.0009
9.00 0.0018
10.00 0.0001
11.00 -0.0027
12.00 0.002
13.00 0.0004
14.00 -0.0013
15.00 -0.004
16.00 -0.0056
17.00 -0.0104
18.00 -0.0097
19.00 -0.005
20.00 -0.0072
21.00 -0.013
22.00 -0.0116
23.00 -0.0141
24.00 -0.0081
25.00 -0.0037
26.00 -0.0027
27.00 0.0029
28.00 0.0008
29.00 0.0046
30.00 0.002
31.00 0.0036
32.00 0.0046
33.00 0.0012
34.00 0.0067
35.00 0.0063
36.00 0.0076
37.00 0.0119
38.00 0.0105
39.00 0.0145
40.00 0.0126
41.00 0.0106
42.00 0.0096
43.00 0.0123
44.00 0.0136
45.00 0.0194
46.00 0.0205
47.00 0.0189
48.00 0.0209
49.00 0.0201
50.00 0.0212
51.00 0.0218
52.00 0.0227
53.00 0.0189
54.00 0.0191
55.00 0.0159
56.00 0.0164
57.00 0.02
58.00 0.0209
59.00 0.02
60.00 0.021
61.00 0.0182
62.00 0.0176
63.00 0.0159
64.00 0.0214
65.00 0.0179
66.00 0.0156
67.00 0.0148
68.00 0.0122
69.00 0.0114
70.00 0.0145
71.00 0.0112
72.00 0.0116
73.00 0.0136
74.00 0.0114
75.00 0.0134
76.00 0.0126
77.00 0.0148
78.00 0.0112
79.00 0.0126
80.00 0.0139
81.00 0.0084
82.00 0.0091
83.00 0.0061
84.00 0.0075
85.00 0.0084
86.00 0.0067
87.00 0.0084
88.00 0.0035
89.00 0.0032
90.00 -0.0013
91.00 0.0032
92.00 0
93.00 -0.0005
94.00 0.0009
95.00 0.002
96.00 -0.0026
97.00 -0.0016
98.00 -0.0001
99.00 0.0031
100.00 -0.0024
101.00 -0.0032
102.00 -0.0105
103.00 -0.0072
104.00 -0.0072
105.00 -0.0054
106.00 -0.0063
107.00 -0.0043
108.00 -0.005
109.00 -0.0012
110.00 -0.0026
111.00 -0.0012
112.00 -0.0022
113.00 -0.0073
114.00 -0.0078
115.00 -0.008
116.00 -0.0099
117.00 -0.0102
118.00 -0.0167
119.00 -0.0141
120.00 -0.0193
121.00 -0.0166
122.00 -0.0151
123.00 -0.0104
124.00 -0.0153
125.00 -0.0199
126.00 -0.0145
127.00 -0.0167
128.00 -0.023
129.00 -0.019
130.00 -0.0205
131.00 -0.0209
132.00 -0.0215
133.00 -0.0182
134.00 -0.0211
135.00 -0.019
136.00 -0.019
137.00 -0.0191
138.00 -0.0196
139.00 -0.0179
140.00 -0.0209
141.00 -0.0189
142.00 -0.0243
143.00 -0.0194
144.00 -0.0197
145.00 -0.0209
146.00 -0.0211
147.00 -0.0224
148.00 -0.0214
149.00 -0.024
150.00 -0.0245
151.00 -0.0245
152.00 -0.0249
153.00 -0.0257
154.00 -0.023
155.00 -0.0282
156.00 -0.03
157.00 -0.0278
158.00 -0.0283
159.00 -0.0287
160.00 -0.0289
161.00 -0.0267
162.00 -0.0276
163.00 -0.028
164.00 -0.0284
165.00 -0.0296
166.00 -0.0289
167.00 -0.0277
168.00 -0.0262
169.00 -0.0317
170.00 -0.0319
171.00 -0.0289
172.00 -0.03
173.00 -0.0273
174.00 -0.0281
175.00 -0.0224
176.00 -0.0211
177.00 -0.0236
178.00 -0.0199
179.00 -0.0189
180.00 -0.0206
181.00 -0.0127
182.00 -0.0166
183.00 -0.0119
184.00 -0.0182
185.00 -0.0164
186.00 -0.0105
187.00 -0.0098
188.00 -0.0129
189.00 -0.0073
190.00 -0.0063
191.00 -0.006
192.00 -0.0124
193.00 -0.011
194.00 -0.0105
195.00 -0.0127
196.00 -0.0126
197.00 -0.0115
198.00 -0.0117
199.00 -0.0111
200.00 -0.0084
