.00 0
1.00 0.0001
2.00 -0.0027
3.00 -0.0008
4.00 -0.0071
5.00 -0.0076
6.00 -0.0061
7.00 -0.006
8.00 -0.0104
9.00 -0.0115
10.00 -0.0153
11.00 -0.0118
12.00 -0.0154
13.00 -0.0176
14.00 -0.0175
15.00 -0.0188
16.00 -0.0179
17.00 -0.0188
18.00 -0.0174
19.00 -0.0135
20.00 -0.0156
21.00 -0.0198
22.00 -0.0207
23.00 -0.0253
24.00 -0.0249
25.00 -0.0165
26.00 -0.0155
27.00 -0.0144
28.00 -0.0144
29.00 -0.0067
30.00 -0.01
31.00 -0.0081
32.00 -0.0093
33.00 -0.012
34.00 -0.0111
35.00 -0.0138
36.00 -0.0129
37.00 -0.0121
38.00 -0.0111
39.00 -0.0129
40.00 -0.0171
41.00 -0.0198
42.00 -0.0234
43.00 -0.027
44.00 -0.0268
45.00 -0.022
46.00 -0.0203
47.00 -0.0229
48.00 -0.0227
49.00 -0.0238
50.00 -0.0241
51.00 -0.0202
52.00 -0.0179
53.00 -0.0167
54.00 -0.0164
55.00 -0.0196
56.00 -0.0243
57.00 -0.0254
58.00 -0.0247
59.00 -0.0252
60.00 -0.0252
61.00 -0.0275
62.00 -0.0322
63.00 -0.0308
64.00 -0.0291
65.00 -0.0316
66.00 -0.0321
67.00 -0.0339
68.00 -0.0346
69.00 -0.0379
70.00 -0.0384
71.00 -0.0402
72.00 -0.0428
73.00 -0.0428
74.00 -0.0415
75.00 -0.0424
76.00 -0.0425
77.00 -0.0453
78.00 -0.0493
79.00 -0.0476
80.00 -0.0508
81.00 -0.0493
82.00 -0.0453
83.00 -0.0515
84.00 -0.0508
85.00 -0.0507
86.00 -0.053
87.00 -0.0497
88.00 -0.0543
89.00 -0.0537
90.00 -0.0598
91.00 -0.0566
92.00 -0.0572
93.00 -0.0597
94.00 -0.0634
95.00 -0.0684
96.00 -0.0726
97.00 -0.07
98.00 -0.0659
99.00 -0.0628
100.00 -0.068
101.00 -0.0698
102.00 -0.0697
103.00 -0.0674
104.00 -0.0677
105.00 -0.068
106.00 -0.0708
107.00 -0.0658
108.00 -0.0699
109.00 -0.0663
110.00 -0.0697
111.00 -0.071
112.00 -0.0771
113.00 -0.0773
114.00 -0.0783
115.00 -0.0797
116.00 -0.082
117.00 -0.0896
118.00 -0.0915
119.00 -0.0905
120.00 -0.0927
121.00 -0.095
122.00 -0.0902
123.00 -0.0894
124.00 -0.088
125.00 -0.0952
126.00 -0.0895
127.00 -0.093
128.00 -0.0935
129.00 -0.0972
130.00 -0.1009
131.00 -0.0995
132.00 -0.1025
133.00 -0.1035
134.00 -0.1038
135.00 -0.1055
136.00 -0.1061
137.00 -0.1087
138.00 -0.1079
139.00 -0.1086
140.00 -0.1109
141.00 -0.1133
142.00 -0.1158
143.00 -0.1118
144.00 -0.1114
145.00 -0.1108
146.00 -0.111
147.00 -0.1119
148.00 -0.1136
149.00 -0.1163
150.00 -0.1153
151.00 -0.1167
152.00 -0.1182
153.00 -0.1185
154.00 -0.118
155.00 -0.124
156.00 -0.1233
157.00 -0.1221
158.00 -0.122
159.00 -0.1233
160.00 -0.1252
161.00 -0.1241
162.00 -0.1215
163.00 -0.1248
164.00 -0.1251
165.00 -0.1259
166.00 -0.1229
167.00 -0.1243
168.00 -0.1296
169.00 -0.13
170.00 -0.13
171.00 -0.1325
172.00 -0.133
173.00 -0.13
174.00 -0.1284
175.00 -0.1256
176.00 -0.1273
177.00 -0.1283
178.00 -0.1245
179.00 -0.1269
180.00 -0.13
181.00 -0.1282
182.00 -0.1297
183.00 -0.1247
184.00 -0.1323
185.00 -0.1317
186.00 -0.1236
187.00 -0.1274
188.00 -0.1295
189.00 -0.1295
190.00 -0.1264
191.00 -0.127
192.00 -0.131
193.00 -0.1289
194.00 -0.1321
195.00 -0.1316
196.00 -0.1326
197.00 -0.1319
198.00 -0.1358
199.00 -0.1323
200.00 -0.1354
