.00 0
1.00 -0.0009
2.00 -0.0013
3.00 -0.0039
4.00 -0.011
5.00 -0.0105
6.00 -0.0117
7.00 -0.0118
8.00 -0.0105
9.00 -0.0089
10.00 -0.0069
11.00 -0.0091
12.00 -0.0107
13.00 -0.0131
14.00 -0.0161
15.00 -0.0195
16.00 -0.0245
17.00 -0.0294
18.00 -0.029
19.00 -0.025
20.00 -0.0259
21.00 -0.0252
22.00 -0.0278
23.00 -0.0289
24.00 -0.0273
25.00 -0.0243
26.00 -0.0299
27.00 -0.0254
28.00 -0.0265
29.00 -0.0234
30.00 -0.0253
31.00 -0.0281
32.00 -0.026
33.00 -0.0307
34.00 -0.0236
35.00 -0.0276
36.00 -0.0271
37.00 -0.0244
38.00 -0.0233
39.00 -0.0253
40.00 -0.028
41.00 -0.029
42.00 -0.0283
43.00 -0.0282
44.00 -0.0316
45.00 -0.0278
46.00 -0.0314
47.00 -0.0351
48.00 -0.0346
49.00 -0.0372
50.00 -0.0403
51.00 -0.039
52.00 -0.0403
53.00 -0.0425
54.00 -0.047
55.00 -0.0513
56.00 -0.056
57.00 -0.0553
58.00 -0.0559
59.00 -0.0565
60.00 -0.0597
61.00 -0.0667
62.00 -0.0681
63.00 -0.0712
64.00 -0.0673
65.00 -0.0721
66.00 -0.0759
67.00 -0.0756
68.00 -0.0772
69.00 -0.0785
70.00 -0.0782
71.00 -0.0784
72.00 -0.0796
73.00 -0.083
74.00 -0.0845
75.00 -0.0842
76.00 -0.0858
77.00 -0.0871
78.00 -0.0882
79.00 -0.0886
80.00 -0.09
81.00 -0.0913
82.00 -0.0895
83.00 -0.0969
84.00 -0.0935
85.00 -0.0966
86.00 -0.0972
87.00 -0.0926
88.00 -0.0995
89.00 -0.0984
90.00 -0.106
91.00 -0.103
92.00 -0.1024
93.00 -0.1075
94.00 -0.1124
95.00 -0.1091
96.00 -0.1069
97.00 -0.1074
98.00 -0.1098
99.00 -0.1104
100.00 -0.108
101.00 -0.1086
102.00 -0.1114
103.00 -0.1136
104.00 -0.1161
105.00 -0.1173
106.00 -0.1184
107.00 -0.1163
108.00 -0.1208
109.00 -0.1179
110.00 -0.1234
111.00 -0.1253
112.00 -0.1271
113.00 -0.1297
114.00 -0.13
115.00 -0.129
116.00 -0.1305
117.00 -0.1339
118.00 -0.1382
119.00 -0.1352
120.00 -0.1363
121.00 -0.1379
122.00 -0.1322
123.00 -0.1312
124.00 -0.1309
125.00 -0.1361
126.00 -0.1334
127.00 -0.137
128.00 -0.1399
129.00 -0.1421
130.00 -0.1445
131.00 -0.1451
132.00 -0.1469
133.00 -0.1432
134.00 -0.1471
135.00 -0.1511
136.00 -0.1482
137.00 -0.1506
138.00 -0.1556
139.00 -0.1568
140.00 -0.1555
141.00 -0.159
142.00 -0.1611
143.00 -0.1581
144.00 -0.1611
145.00 -0.1632
146.00 -0.163
147.00 -0.1604
148.00 -0.1645
149.00 -0.1638
150.00 -0.1648
151.00 -0.1651
152.00 -0.1679
153.00 -0.1668
154.00 -0.1652
155.00 -0.1691
156.00 -0.17
157.00 -0.168
158.00 -0.1713
159.00 -0.174
160.00 -0.1768
161.00 -0.177
162.00 -0.1781
163.00 -0.1852
164.00 -0.1835
165.00 -0.1849
166.00 -0.1815
167.00 -0.1791
168.00 -0.1803
169.00 -0.1842
170.00 -0.1829
171.00 -0.1835
172.00 -0.1856
173.00 -0.1786
174.00 -0.1758
175.00 -0.172
176.00 -0.1743
177.00 -0.1739
178.00 -0.1728
179.00 -0.1744
180.00 -0.175
181.00 -0.1757
182.00 -0.1771
183.00 -0.1749
184.00 -0.1812
185.00 -0.1825
186.00 -0.18
187.00 -0.179
188.00 -0.1815
189.00 -0.1787
190.00 -0.1774
191.00 -0.1779
192.00 -0.1809
193.00 -0.1821
194.00 -0.1806
195.00 -0.1818
196.00 -0.1806
197.00 -0.1808
198.00 -0.1818
199.00 -0.1803
200.00 -0.1762
