.00 0
1.00 -0.001
2.00 -0.0025
3.00 -0.0032
4.00 -0.0055
5.00 -0.0044
6.00 -0.0058
7.00 -0.0057
8.00 -0.004
9.00 -0.0035
10.00 -0.0039
11.00 -0.0021
12.00 -0.0038
13.00 -0.0088
14.00 -0.0122
15.00 -0.0173
16.00 -0.0181
17.00 -0.0187
18.00 -0.0176
19.00 -0.014
20.00 -0.015
21.00 -0.0178
22.00 -0.0205
23.00 -0.025
24.00 -0.0236
25.00 -0.0205
26.00 -0.0172
27.00 -0.0128
28.00 -0.0111
29.00 -0.0029
30.00 -0.0048
31.00 -0.004
32.00 -0.0053
33.00 -0.0086
34.00 -0.0043
35.00 -0.0055
36.00 -0.005
37.00 -0.0014
38.00 -0.0016
39.00 -0.0012
40.00 -0.0032
41.00 -0.0079
42.00 -0.0087
43.00 -0.0108
44.00 -0.0112
45.00 -0.0055
46.00 -0.006
47.00 -0.0087
48.00 -0.0059
49.00 -0.0064
50.00 -0.0059
51.00 -0.0048
52.00 -0.0039
53.00 -0.0036
54.00 -0.0033
55.00 -0.0055
56.00 -0.0094
57.00 -0.011
58.00 -0.0091
59.00 -0.01
60.00 -0.0058
61.00 -0.009
62.00 -0.0094
63.00 -0.014
64.00 -0.0113
65.00 -0.0175
66.00 -0.0148
67.00 -0.0148
68.00 -0.0176
69.00 -0.0206
70.00 -0.0224
71.00 -0.026
72.00 -0.0255
73.00 -0.0266
74.00 -0.0248
75.00 -0.0253
76.00 -0.0272
77.00 -0.0253
78.00 -0.0245
79.00 -0.0269
80.00 -0.0263
81.00 -0.0279
82.00 -0.0219
83.00 -0.0246
84.00 -0.0258
85.00 -0.0271
86.00 -0.028
87.00 -0.0252
88.00 -0.0257
89.00 -0.0258
90.00 -0.0331
91.00 -0.0314
92.00 -0.0319
93.00 -0.032
94.00 -0.033
95.00 -0.0359
96.00 -0.0399
97.00 -0.0388
98.00 -0.0349
99.00 -0.0316
100.00 -0.033
101.00 -0.032
102.00 -0.0336
103.00 -0.0336
104.00 -0.0327
105.00 -0.0313
106.00 -0.0305
107.00 -0.0278
108.00 -0.0311
109.00 -0.0273
110.00 -0.0313
111.00 -0.0279
112.00 -0.0298
113.00 -0.0315
114.00 -0.0295
115.00 -0.0324
116.00 -0.0332
117.00 -0.0379
118.00 -0.042
119.00 -0.0343
120.00 -0.0394
121.00 -0.043
122.00 -0.0389
123.00 -0.0389
124.00 -0.0349
125.00 -0.0403
126.00 -0.0366
127.00 -0.0406
128.00 -0.0402
129.00 -0.0401
130.00 -0.0418
131.00 -0.0441
132.00 -0.0451
133.00 -0.0444
134.00 -0.0449
135.00 -0.0415
136.00 -0.0431
137.00 -0.044
138.00 -0.0446
139.00 -0.0457
140.00 -0.0466
141.00 -0.0457
142.00 -0.0497
143.00 -0.0467
144.00 -0.0437
145.00 -0.0442
146.00 -0.0462
147.00 -0.0477
148.00 -0.0508
149.00 -0.0525
150.00 -0.0555
151.00 -0.0556
152.00 -0.0567
153.00 -0.0613
154.00 -0.0564
155.00 -0.0565
156.00 -0.059
157.00 -0.0574
158.00 -0.0528
159.00 -0.0541
160.00 -0.0589
161.00 -0.0602
162.00 -0.0605
163.00 -0.0641
164.00 -0.061
165.00 -0.0616
166.00 -0.0602
167.00 -0.0569
168.00 -0.0593
169.00 -0.0587
170.00 -0.057
171.00 -0.0605
172.00 -0.061
173.00 -0.058
174.00 -0.0546
175.00 -0.0525
176.00 -0.0508
177.00 -0.0518
178.00 -0.0479
179.00 -0.0496
180.00 -0.0479
181.00 -0.0482
182.00 -0.0465
183.00 -0.0451
184.00 -0.0481
185.00 -0.0513
186.00 -0.0435
187.00 -0.0467
188.00 -0.0491
189.00 -0.0487
190.00 -0.0437
191.00 -0.0472
192.00 -0.0536
193.00 -0.0566
194.00 -0.0546
195.00 -0.0587
196.00 -0.0567
197.00 -0.0594
198.00 -0.058
199.00 -0.0546
200.00 -0.052
