.00 0
1.00 -0.0001
2.00 -0.0013
3.00 -0.0023
4.00 -0.0022
5.00 0.0009
6.00 0.0052
7.00 0.0023
8.00 0.0098
9.00 0.0074
10.00 0.0054
11.00 0.0021
12.00 0.004
13.00 0.0014
14.00 -0.0027
15.00 -0.0032
16.00 -0.0066
17.00 -0.0065
18.00 -0.0045
19.00 -0.0055
20.00 -0.0048
21.00 -0.0083
22.00 -0.0071
23.00 -0.0084
24.00 -0.0038
25.00 -0.0039
26.00 -0.0026
27.00 0.0004
28.00 0.0022
29.00 0.0082
30.00 0.0072
31.00 0.0055
32.00 0.003
33.00 -0.0004
34.00 0.0027
35.00 0.0026
36.00 0.0049
37.00 0.0063
38.00 0.0066
39.00 0.0028
40.00 0.0013
41.00 -0.0008
42.00 -0.001
43.00 -0.0017
44.00 -0.0001
45.00 0.0051
46.00 0.0042
47.00 0.0033
48.00 0.0046
49.00 0.0037
50.00 0.0032
51.00 0.0054
52.00 0.0078
53.00 0.0101
54.00 0.009
55.00 0.0059
56.00 0.0049
57.00 0.0081
58.00 0.0074
59.00 0.01
60.00 0.0112
61.00 0.0079
62.00 0.0042
63.00 0.0056
64.00 0.0083
65.00 0.0069
66.00 0.007
67.00 0.0072
68.00 0.0092
69.00 0.0084
70.00 0.0062
71.00 0.0034
72.00 0.0021
73.00 -0.0029
74.00 -0.0028
75.00 -0.0068
76.00 -0.0041
77.00 -0.0054
78.00 -0.0066
79.00 -0.0079
80.00 -0.0108
81.00 -0.0146
82.00 -0.015
83.00 -0.019
84.00 -0.0175
85.00 -0.0169
86.00 -0.0163
87.00 -0.0132
88.00 -0.0143
89.00 -0.0136
90.00 -0.0226
91.00 -0.0217
92.00 -0.0176
93.00 -0.0181
94.00 -0.022
95.00 -0.0229
96.00 -0.0254
97.00 -0.024
98.00 -0.0213
99.00 -0.017
100.00 -0.0219
101.00 -0.0245
102.00 -0.0263
103.00 -0.0263
104.00 -0.0269
105.00 -0.0239
106.00 -0.0248
107.00 -0.0209
108.00 -0.0214
109.00 -0.0156
110.00 -0.0199
111.00 -0.0182
112.00 -0.0203
113.00 -0.0251
114.00 -0.0271
115.00 -0.0261
116.00 -0.0283
117.00 -0.0301
118.00 -0.0302
119.00 -0.0256
120.00 -0.0254
121.00 -0.0264
122.00 -0.0199
123.00 -0.0161
124.00 -0.016
125.00 -0.0219
126.00 -0.0174
127.00 -0.0188
128.00 -0.0219
129.00 -0.0224
130.00 -0.0279
131.00 -0.0283
132.00 -0.0285
133.00 -0.0318
134.00 -0.0353
135.00 -0.0344
136.00 -0.0358
137.00 -0.041
138.00 -0.0397
139.00 -0.04
140.00 -0.0398
141.00 -0.0408
142.00 -0.0424
143.00 -0.0401
144.00 -0.0404
145.00 -0.038
146.00 -0.0374
147.00 -0.0391
148.00 -0.0375
149.00 -0.0376
150.00 -0.04
151.00 -0.0372
152.00 -0.0386
153.00 -0.0382
154.00 -0.0375
155.00 -0.0387
156.00 -0.0389
157.00 -0.0378
158.00 -0.0364
159.00 -0.0349
160.00 -0.0365
161.00 -0.034
162.00 -0.0357
163.00 -0.0367
164.00 -0.0357
165.00 -0.0369
166.00 -0.037
167.00 -0.035
168.00 -0.0331
169.00 -0.0323
170.00 -0.031
171.00 -0.0328
172.00 -0.0316
173.00 -0.0271
174.00 -0.0239
175.00 -0.0216
176.00 -0.0238
177.00 -0.0219
178.00 -0.0212
179.00 -0.0233
180.00 -0.0239
181.00 -0.0199
182.00 -0.0255
183.00 -0.0182
184.00 -0.0201
185.00 -0.0192
186.00 -0.0127
187.00 -0.0112
188.00 -0.0126
189.00 -0.0099
190.00 -0.0091
191.00 -0.0097
192.00 -0.0128
193.00 -0.0118
194.00 -0.0123
195.00 -0.0114
196.00 -0.0108
197.00 -0.0103
198.00 -0.0144
199.00 -0.0132
200.00 -0.0111
