.00 0
1.00 0.0007
2.00 -0.0037
3.00 -0.0055
4.00 -0.0056
5.00 -0.0054
6.00 -0.0025
7.00 -0.0069
8.00 -0.005
9.00 -0.0084
10.00 -0.0115
11.00 -0.0129
12.00 -0.018
13.00 -0.0199
14.00 -0.0222
15.00 -0.0227
16.00 -0.0266
17.00 -0.0267
18.00 -0.0273
19.00 -0.0231
20.00 -0.0259
21.00 -0.0334
22.00 -0.0352
23.00 -0.0391
24.00 -0.0371
25.00 -0.0338
26.00 -0.0324
27.00 -0.0298
28.00 -0.0322
29.00 -0.0328
30.00 -0.0327
31.00 -0.0325
32.00 -0.035
33.00 -0.0375
34.00 -0.0336
35.00 -0.0354
36.00 -0.0343
37.00 -0.0314
38.00 -0.0319
39.00 -0.0329
40.00 -0.0323
41.00 -0.0334
42.00 -0.0341
43.00 -0.0346
44.00 -0.0333
45.00 -0.029
46.00 -0.0283
47.00 -0.0308
48.00 -0.0302
49.00 -0.0337
50.00 -0.036
51.00 -0.0343
52.00 -0.0338
53.00 -0.0359
54.00 -0.0354
55.00 -0.0395
56.00 -0.0386
57.00 -0.0388
58.00 -0.0394
59.00 -0.0395
60.00 -0.0365
61.00 -0.042
62.00 -0.0423
63.00 -0.0425
64.00 -0.0412
65.00 -0.0448
66.00 -0.0498
67.00 -0.0495
68.00 -0.0509
69.00 -0.0528
70.00 -0.0511
71.00 -0.0587
72.00 -0.0618
73.00 -0.0587
74.00 -0.0619
75.00 -0.0641
76.00 -0.0662
77.00 -0.067
78.00 -0.0689
79.00 -0.0689
80.00 -0.0738
81.00 -0.0719
82.00 -0.0732
83.00 -0.073
84.00 -0.07
85.00 -0.0708
86.00 -0.073
87.00 -0.0696
88.00 -0.0747
89.00 -0.0706
90.00 -0.0775
91.00 -0.0774
92.00 -0.0782
93.00 -0.0798
94.00 -0.0812
95.00 -0.0819
96.00 -0.0842
97.00 -0.0813
98.00 -0.0797
99.00 -0.0778
100.00 -0.0792
101.00 -0.08
102.00 -0.0821
103.00 -0.0815
104.00 -0.0824
105.00 -0.08
106.00 -0.0825
107.00 -0.0792
108.00 -0.0867
109.00 -0.0849
110.00 -0.088
111.00 -0.0854
112.00 -0.0875
113.00 -0.0906
114.00 -0.096
115.00 -0.0963
116.00 -0.1016
117.00 -0.1063
118.00 -0.1102
119.00 -0.1044
120.00 -0.1119
121.00 -0.1131
122.00 -0.1114
123.00 -0.11
124.00 -0.1097
125.00 -0.1161
126.00 -0.1201
127.00 -0.1222
128.00 -0.1242
129.00 -0.1314
130.00 -0.1327
131.00 -0.1304
132.00 -0.1344
133.00 -0.1365
134.00 -0.133
135.00 -0.1336
136.00 -0.136
137.00 -0.135
138.00 -0.1395
139.00 -0.1381
140.00 -0.1424
141.00 -0.1423
142.00 -0.1435
143.00 -0.1411
144.00 -0.1407
145.00 -0.141
146.00 -0.1418
147.00 -0.1421
148.00 -0.1458
149.00 -0.1455
150.00 -0.1475
151.00 -0.1429
152.00 -0.1455
153.00 -0.146
154.00 -0.1472
155.00 -0.1479
156.00 -0.1488
157.00 -0.1458
158.00 -0.1463
159.00 -0.1457
160.00 -0.1477
161.00 -0.1465
162.00 -0.1478
163.00 -0.1507
164.00 -0.1488
165.00 -0.1512
166.00 -0.147
167.00 -0.1436
168.00 -0.1472
169.00 -0.1497
170.00 -0.1467
171.00 -0.1473
172.00 -0.1475
173.00 -0.1434
174.00 -0.1392
175.00 -0.1369
176.00 -0.1402
177.00 -0.137
178.00 -0.1352
179.00 -0.1381
180.00 -0.1412
181.00 -0.1385
182.00 -0.1416
183.00 -0.1378
184.00 -0.1442
185.00 -0.1412
186.00 -0.1396
187.00 -0.139
188.00 -0.1414
189.00 -0.1393
190.00 -0.1353
191.00 -0.1355
192.00 -0.136
193.00 -0.1381
194.00 -0.1393
195.00 -0.1392
196.00 -0.1396
197.00 -0.1408
198.00 -0.1454
199.00 -0.1406
200.00 -0.1382
