.00 0
1.00 -0.0004
2.00 -0.0023
3.00 -0.0006
4.00 -0.0031
5.00 -0.0007
6.00 -0.0014
7.00 -0.0031
8.00 0.0013
9.00 -0.0001
10.00 0
11.00 -0.0005
12.00 -0.0047
13.00 -0.0086
14.00 -0.0116
15.00 -0.0086
16.00 -0.0131
17.00 -0.0165
18.00 -0.0108
19.00 -0.0051
20.00 -0.0072
21.00 -0.0098
22.00 -0.0118
23.00 -0.0136
24.00 -0.0128
25.00 -0.0097
26.00 -0.0078
27.00 -0.0063
28.00 -0.0051
29.00 0.0004
30.00 -0.0011
31.00 0.0006
32.00 0.0008
33.00 0
34.00 0.0029
35.00 0.0031
36.00 0.0047
37.00 0.0073
38.00 0.0072
39.00 0.0069
40.00 0.0076
41.00 0.0052
42.00 0.0063
43.00 0.0069
44.00 0.0059
45.00 0.009
46.00 0.0094
47.00 0.0067
48.00 0.005
49.00 0.0052
50.00 0.0063
51.00 0.007
52.00 0.0065
53.00 0.0051
54.00 0.0084
55.00 0.0035
56.00 0.0026
57.00 0.0039
58.00 0.0017
59.00 -0.0005
60.00 0.0013
61.00 -0.0013
62.00 -0.0005
63.00 -0.0027
64.00 -0.0003
65.00 -0.0087
66.00 -0.0081
67.00 -0.0086
68.00 -0.0093
69.00 -0.0103
70.00 -0.0086
71.00 -0.0128
72.00 -0.014
73.00 -0.0111
74.00 -0.0146
75.00 -0.0134
76.00 -0.0152
77.00 -0.0137
78.00 -0.0158
79.00 -0.0158
80.00 -0.0144
81.00 -0.0182
82.00 -0.0162
83.00 -0.0128
84.00 -0.0099
85.00 -0.0132
86.00 -0.0088
87.00 -0.0079
88.00 -0.011
89.00 -0.0062
90.00 -0.0145
91.00 -0.0105
92.00 -0.0132
93.00 -0.0128
94.00 -0.0188
95.00 -0.0193
96.00 -0.0213
97.00 -0.0169
98.00 -0.0145
99.00 -0.013
100.00 -0.0151
101.00 -0.0155
102.00 -0.0179
103.00 -0.0168
104.00 -0.0167
105.00 -0.0158
106.00 -0.0201
107.00 -0.016
108.00 -0.019
109.00 -0.0139
110.00 -0.0206
111.00 -0.0188
112.00 -0.0176
113.00 -0.0174
114.00 -0.0176
115.00 -0.0188
116.00 -0.0227
117.00 -0.0249
118.00 -0.0318
119.00 -0.0312
120.00 -0.0341
121.00 -0.0363
122.00 -0.03
123.00 -0.0315
124.00 -0.0276
125.00 -0.0292
126.00 -0.0241
127.00 -0.0297
128.00 -0.0313
129.00 -0.0291
130.00 -0.0297
131.00 -0.0306
132.00 -0.0315
133.00 -0.0308
134.00 -0.0305
135.00 -0.0307
136.00 -0.0312
137.00 -0.0317
138.00 -0.0296
139.00 -0.031
140.00 -0.0307
141.00 -0.0332
142.00 -0.0326
143.00 -0.0301
144.00 -0.0246
145.00 -0.0248
146.00 -0.0258
147.00 -0.0282
148.00 -0.0276
149.00 -0.0278
150.00 -0.0263
151.00 -0.0266
152.00 -0.0279
153.00 -0.0317
154.00 -0.033
155.00 -0.0335
156.00 -0.0361
157.00 -0.0365
158.00 -0.034
159.00 -0.034
160.00 -0.0343
161.00 -0.0337
162.00 -0.0351
163.00 -0.0372
164.00 -0.0346
165.00 -0.0363
166.00 -0.0346
167.00 -0.0334
168.00 -0.0383
169.00 -0.0388
170.00 -0.0365
171.00 -0.0335
172.00 -0.0348
173.00 -0.0287
174.00 -0.0293
175.00 -0.0239
176.00 -0.0266
177.00 -0.0269
178.00 -0.0231
179.00 -0.0241
180.00 -0.0243
181.00 -0.0186
182.00 -0.0229
183.00 -0.0203
184.00 -0.0247
185.00 -0.0236
186.00 -0.0216
187.00 -0.019
188.00 -0.0205
189.00 -0.0201
190.00 -0.0175
191.00 -0.0183
192.00 -0.0229
193.00 -0.027
194.00 -0.0282
195.00 -0.0334
196.00 -0.0328
197.00 -0.0303
198.00 -0.031
199.00 -0.0328
200.00 -0.0287
