.00 0
1.00 -0.0018
2.00 -0.0046
3.00 -0.0045
4.00 -0.0075
5.00 -0.0078
6.00 -0.0078
7.00 -0.0048
8.00 -0.0115
9.00 -0.0143
10.00 -0.0171
11.00 -0.0167
12.00 -0.0184
13.00 -0.0227
14.00 -0.0313
15.00 -0.0377
16.00 -0.0434
17.00 -0.0495
18.00 -0.0515
19.00 -0.0512
20.00 -0.0565
21.00 -0.0644
22.00 -0.0676
23.00 -0.0722
24.00 -0.0727
25.00 -0.0691
26.00 -0.0668
27.00 -0.0664
28.00 -0.0688
29.00 -0.0661
30.00 -0.0693
31.00 -0.0684
32.00 -0.0755
33.00 -0.0798
34.00 -0.083
35.00 -0.0866
36.00 -0.0886
37.00 -0.0887
38.00 -0.0909
39.00 -0.0936
40.00 -0.0979
41.00 -0.1036
42.00 -0.1056
43.00 -0.1084
44.00 -0.107
45.00 -0.103
46.00 -0.1034
47.00 -0.1079
48.00 -0.1062
49.00 -0.1078
50.00 -0.1074
51.00 -0.1045
52.00 -0.1012
53.00 -0.1044
54.00 -0.105
55.00 -0.1074
56.00 -0.1093
57.00 -0.1127
58.00 -0.1136
59.00 -0.1174
60.00 -0.1129
61.00 -0.1149
62.00 -0.1164
63.00 -0.1148
64.00 -0.1132
65.00 -0.1159
66.00 -0.1202
67.00 -0.1227
68.00 -0.1245
69.00 -0.1279
70.00 -0.1298
71.00 -0.1328
72.00 -0.1369
73.00 -0.1335
74.00 -0.1385
75.00 -0.1406
76.00 -0.1405
77.00 -0.1401
78.00 -0.1419
79.00 -0.1433
80.00 -0.1453
81.00 -0.1491
82.00 -0.1464
83.00 -0.1478
84.00 -0.1471
85.00 -0.148
86.00 -0.15
87.00 -0.1457
88.00 -0.1496
89.00 -0.146
90.00 -0.1517
91.00 -0.1502
92.00 -0.1498
93.00 -0.1535
94.00 -0.1544
95.00 -0.1544
96.00 -0.1578
97.00 -0.1565
98.00 -0.1565
99.00 -0.1574
100.00 -0.1657
101.00 -0.1641
102.00 -0.1715
103.00 -0.1715
104.00 -0.1744
105.00 -0.1737
106.00 -0.1738
107.00 -0.169
108.00 -0.1722
109.00 -0.1695
110.00 -0.1742
111.00 -0.1726
112.00 -0.1743
113.00 -0.1768
114.00 -0.1768
115.00 -0.1785
116.00 -0.1818
117.00 -0.1848
118.00 -0.1865
119.00 -0.1813
120.00 -0.1835
121.00 -0.1873
122.00 -0.1856
123.00 -0.1855
124.00 -0.1832
125.00 -0.1892
126.00 -0.1864
127.00 -0.1876
128.00 -0.1882
129.00 -0.1902
130.00 -0.1926
131.00 -0.1945
132.00 -0.1942
133.00 -0.1969
134.00 -0.2007
135.00 -0.1999
136.00 -0.2008
137.00 -0.2033
138.00 -0.2049
139.00 -0.2075
140.00 -0.2103
141.00 -0.2107
142.00 -0.2162
143.00 -0.2156
144.00 -0.2146
145.00 -0.2151
146.00 -0.2179
147.00 -0.2205
148.00 -0.2219
149.00 -0.2215
150.00 -0.2251
151.00 -0.2256
152.00 -0.2296
153.00 -0.2333
154.00 -0.2343
155.00 -0.2405
156.00 -0.2408
157.00 -0.2407
158.00 -0.2411
159.00 -0.2416
160.00 -0.247
161.00 -0.248
162.00 -0.2496
163.00 -0.2508
164.00 -0.2545
165.00 -0.2542
166.00 -0.2532
167.00 -0.2499
168.00 -0.2534
169.00 -0.2541
170.00 -0.2519
171.00 -0.253
172.00 -0.2556
173.00 -0.2532
174.00 -0.2522
175.00 -0.2482
176.00 -0.2524
177.00 -0.2487
178.00 -0.2488
179.00 -0.2503
180.00 -0.2513
181.00 -0.2506
182.00 -0.2545
183.00 -0.2505
184.00 -0.2547
185.00 -0.2563
186.00 -0.2527
187.00 -0.2532
188.00 -0.2563
189.00 -0.2543
190.00 -0.2515
191.00 -0.2534
192.00 -0.257
193.00 -0.2586
194.00 -0.258
195.00 -0.2586
196.00 -0.2584
197.00 -0.2585
198.00 -0.2592
199.00 -0.2583
200.00 -0.2581
