.00 0
1.00 -0.001
2.00 -0.0023
3.00 -0.0032
4.00 -0.0045
5.00 -0.0014
6.00 0.0022
7.00 0.0022
8.00 -0.0008
9.00 -0.0018
10.00 -0.0026
11.00 0.0003
12.00 -0.004
13.00 -0.0083
14.00 -0.0082
15.00 -0.0117
16.00 -0.0166
17.00 -0.0199
18.00 -0.0202
19.00 -0.0208
20.00 -0.0245
21.00 -0.0311
22.00 -0.0273
23.00 -0.0326
24.00 -0.0282
25.00 -0.0263
26.00 -0.0289
27.00 -0.0276
28.00 -0.0279
29.00 -0.0253
30.00 -0.0259
31.00 -0.0265
32.00 -0.0272
33.00 -0.033
34.00 -0.0295
35.00 -0.0305
36.00 -0.0333
37.00 -0.0331
38.00 -0.0348
39.00 -0.0359
40.00 -0.0381
41.00 -0.0406
42.00 -0.0415
43.00 -0.0417
44.00 -0.0413
45.00 -0.0372
46.00 -0.0377
47.00 -0.0382
48.00 -0.0362
49.00 -0.0367
50.00 -0.037
51.00 -0.035
52.00 -0.0339
53.00 -0.0317
54.00 -0.0305
55.00 -0.0325
56.00 -0.0344
57.00 -0.0365
58.00 -0.0345
59.00 -0.0361
60.00 -0.0321
61.00 -0.0347
62.00 -0.039
63.00 -0.0401
64.00 -0.0367
65.00 -0.0398
66.00 -0.0404
67.00 -0.0409
68.00 -0.0395
69.00 -0.0415
70.00 -0.0423
71.00 -0.0435
72.00 -0.045
73.00 -0.0444
74.00 -0.0456
75.00 -0.0471
76.00 -0.0485
77.00 -0.0524
78.00 -0.0532
79.00 -0.0535
80.00 -0.0538
81.00 -0.058
82.00 -0.0564
83.00 -0.0565
84.00 -0.0556
85.00 -0.0567
86.00 -0.056
87.00 -0.0513
88.00 -0.0522
89.00 -0.0482
90.00 -0.0584
91.00 -0.0577
92.00 -0.057
93.00 -0.0596
94.00 -0.0585
95.00 -0.0609
96.00 -0.065
97.00 -0.0604
98.00 -0.0589
99.00 -0.0579
100.00 -0.0594
101.00 -0.0577
102.00 -0.0597
103.00 -0.0583
104.00 -0.0568
105.00 -0.0561
106.00 -0.056
107.00 -0.0503
108.00 -0.0521
109.00 -0.0489
110.00 -0.0523
111.00 -0.0511
112.00 -0.0537
113.00 -0.0561
114.00 -0.058
115.00 -0.0601
116.00 -0.0631
117.00 -0.0654
118.00 -0.0688
119.00 -0.0664
120.00 -0.071
121.00 -0.0697
122.00 -0.0683
123.00 -0.068
124.00 -0.0642
125.00 -0.0726
126.00 -0.0684
127.00 -0.0693
128.00 -0.0733
129.00 -0.0782
130.00 -0.0824
131.00 -0.0793
132.00 -0.0845
133.00 -0.0842
134.00 -0.0845
135.00 -0.0846
136.00 -0.0873
137.00 -0.0893
138.00 -0.0858
139.00 -0.0877
140.00 -0.0897
141.00 -0.091
142.00 -0.0945
143.00 -0.093
144.00 -0.0916
145.00 -0.0927
146.00 -0.0912
147.00 -0.094
148.00 -0.0934
149.00 -0.0925
150.00 -0.0899
151.00 -0.0936
152.00 -0.0932
153.00 -0.095
154.00 -0.0933
155.00 -0.1003
156.00 -0.0965
157.00 -0.0947
158.00 -0.0954
159.00 -0.094
160.00 -0.0941
161.00 -0.0947
162.00 -0.0911
163.00 -0.0926
164.00 -0.0957
165.00 -0.0982
166.00 -0.0932
167.00 -0.0913
168.00 -0.0907
169.00 -0.0939
170.00 -0.0927
171.00 -0.0927
172.00 -0.0939
173.00 -0.0921
174.00 -0.092
175.00 -0.0894
176.00 -0.0898
177.00 -0.0962
178.00 -0.0924
179.00 -0.0926
180.00 -0.0913
181.00 -0.0899
182.00 -0.0934
183.00 -0.0873
184.00 -0.0896
185.00 -0.0892
186.00 -0.0876
187.00 -0.0846
188.00 -0.0878
189.00 -0.0854
190.00 -0.0867
191.00 -0.0913
192.00 -0.0882
193.00 -0.0866
194.00 -0.0894
195.00 -0.0944
196.00 -0.0907
197.00 -0.0918
198.00 -0.092
199.00 -0.0893
200.00 -0.0879
