.00 0
1.00 -0.0026
2.00 -0.0051
3.00 -0.0116
4.00 -0.0182
5.00 -0.0211
6.00 -0.0245
7.00 -0.0291
8.00 -0.0338
9.00 -0.0389
10.00 -0.0422
11.00 -0.0442
12.00 -0.0474
13.00 -0.0516
14.00 -0.0552
15.00 -0.059
16.00 -0.0618
17.00 -0.0641
18.00 -0.0642
19.00 -0.0667
20.00 -0.0705
21.00 -0.0788
22.00 -0.0781
23.00 -0.0857
24.00 -0.0862
25.00 -0.0851
26.00 -0.0848
27.00 -0.0875
28.00 -0.0885
29.00 -0.0861
30.00 -0.0887
31.00 -0.0931
32.00 -0.0956
33.00 -0.099
34.00 -0.0964
35.00 -0.1026
36.00 -0.1042
37.00 -0.105
38.00 -0.1066
39.00 -0.1092
40.00 -0.1123
41.00 -0.117
42.00 -0.1215
43.00 -0.1252
44.00 -0.1283
45.00 -0.1276
46.00 -0.1371
47.00 -0.1428
48.00 -0.1532
49.00 -0.157
50.00 -0.1595
51.00 -0.1536
52.00 -0.1556
53.00 -0.1616
54.00 -0.1616
55.00 -0.1691
56.00 -0.1728
57.00 -0.1778
58.00 -0.1787
59.00 -0.1845
60.00 -0.1805
61.00 -0.1857
62.00 -0.1886
63.00 -0.1925
64.00 -0.1906
65.00 -0.1957
66.00 -0.1971
67.00 -0.1983
68.00 -0.1976
69.00 -0.2015
70.00 -0.2042
71.00 -0.2072
72.00 -0.2085
73.00 -0.2112
74.00 -0.2113
75.00 -0.2146
76.00 -0.2133
77.00 -0.2143
78.00 -0.2181
79.00 -0.2186
80.00 -0.2195
81.00 -0.2245
82.00 -0.224
83.00 -0.2271
84.00 -0.225
85.00 -0.2281
86.00 -0.2301
87.00 -0.2263
88.00 -0.2295
89.00 -0.2264
90.00 -0.2341
91.00 -0.2299
92.00 -0.2319
93.00 -0.2331
94.00 -0.2355
95.00 -0.2367
96.00 -0.2429
97.00 -0.2392
98.00 -0.2404
99.00 -0.2384
100.00 -0.2423
101.00 -0.2435
102.00 -0.2485
103.00 -0.2489
104.00 -0.2498
105.00 -0.2523
106.00 -0.2532
107.00 -0.2481
108.00 -0.2509
109.00 -0.2516
110.00 -0.2603
111.00 -0.2582
112.00 -0.2616
113.00 -0.265
114.00 -0.2694
115.00 -0.2697
116.00 -0.2718
117.00 -0.275
118.00 -0.2775
119.00 -0.2778
120.00 -0.2811
121.00 -0.2794
122.00 -0.2797
123.00 -0.2773
124.00 -0.2755
125.00 -0.2813
126.00 -0.2827
127.00 -0.2866
128.00 -0.2906
129.00 -0.2908
130.00 -0.2945
131.00 -0.2914
132.00 -0.2957
133.00 -0.2961
134.00 -0.2982
135.00 -0.2973
136.00 -0.2983
137.00 -0.303
138.00 -0.3044
139.00 -0.3045
140.00 -0.3092
141.00 -0.3096
142.00 -0.3165
143.00 -0.3138
144.00 -0.3141
145.00 -0.3115
146.00 -0.3148
147.00 -0.3181
148.00 -0.3205
149.00 -0.324
150.00 -0.3229
151.00 -0.321
152.00 -0.3234
153.00 -0.3249
154.00 -0.3257
155.00 -0.3272
156.00 -0.3289
157.00 -0.3279
158.00 -0.3252
159.00 -0.3264
160.00 -0.3285
161.00 -0.3275
162.00 -0.3312
163.00 -0.3354
164.00 -0.3357
165.00 -0.3368
166.00 -0.3337
167.00 -0.3305
168.00 -0.3309
169.00 -0.3303
170.00 -0.3296
171.00 -0.3319
172.00 -0.3314
173.00 -0.3278
174.00 -0.3255
175.00 -0.3215
176.00 -0.3246
177.00 -0.3262
178.00 -0.3249
179.00 -0.3271
180.00 -0.3277
181.00 -0.3255
182.00 -0.3279
183.00 -0.3218
184.00 -0.3269
185.00 -0.3282
186.00 -0.3241
187.00 -0.3276
188.00 -0.3276
189.00 -0.3282
190.00 -0.3275
191.00 -0.3302
192.00 -0.3323
193.00 -0.3345
194.00 -0.3359
195.00 -0.3358
196.00 -0.3378
197.00 -0.3363
198.00 -0.3411
199.00 -0.3378
200.00 -0.3378
