.00 0
1.00 -0.0001
2.00 -0.0007
3.00 0.002
4.00 0.0007
5.00 0.0005
6.00 0.0028
7.00 -0.004
8.00 0.0005
9.00 0.0006
10.00 -0.0001
11.00 -0.0008
12.00 0.0005
13.00 -0.0011
14.00 -0.0042
15.00 -0.0081
16.00 -0.011
17.00 -0.0108
18.00 -0.0048
19.00 -0.0033
20.00 -0.0003
21.00 -0.0008
22.00 -0.0012
23.00 -0.004
24.00 -0.0029
25.00 0.0035
26.00 0.0002
27.00 -0.0028
28.00 -0.0026
29.00 0.002
30.00 0.0034
31.00 0.0061
32.00 0.0052
33.00 0.0012
34.00 0.0061
35.00 0.0053
36.00 0.0045
37.00 0.0067
38.00 0.006
39.00 0.011
40.00 0.008
41.00 0.0062
42.00 0.006
43.00 0.0074
44.00 0.0077
45.00 0.0141
46.00 0.0132
47.00 0.0122
48.00 0.0124
49.00 0.0108
50.00 0.0056
51.00 0.0094
52.00 0.0128
53.00 0.0157
54.00 0.0163
55.00 0.0112
56.00 0.0108
57.00 0.0139
58.00 0.0138
59.00 0.0106
60.00 0.0123
61.00 0.0126
62.00 0.0097
63.00 0.0106
64.00 0.0133
65.00 0.0108
66.00 0.0101
67.00 0.0093
68.00 0.0074
69.00 0.0051
70.00 0.0002
71.00 -0.0024
72.00 -0.0013
73.00 0.0021
74.00 0.0005
75.00 -0.001
76.00 -0.0022
77.00 0.0014
78.00 -0.0004
79.00 -0.0026
80.00 -0.0039
81.00 -0.0057
82.00 -0.0039
83.00 -0.0067
84.00 -0.0054
85.00 -0.0098
86.00 -0.0061
87.00 -0.0053
88.00 -0.0053
89.00 -0.0037
90.00 -0.0094
91.00 -0.0031
92.00 0.0002
93.00 -0.0029
94.00 -0.0103
95.00 -0.0119
96.00 -0.0109
97.00 -0.0099
98.00 -0.0103
99.00 -0.0044
100.00 -0.0087
101.00 -0.005
102.00 -0.0081
103.00 -0.0065
104.00 -0.0063
105.00 -0.0084
106.00 -0.0083
107.00 -0.0035
108.00 -0.006
109.00 -0.0028
110.00 -0.008
111.00 -0.0063
112.00 -0.0122
113.00 -0.0134
114.00 -0.013
115.00 -0.0088
116.00 -0.0121
117.00 -0.0208
118.00 -0.0223
119.00 -0.0152
120.00 -0.0199
121.00 -0.0253
122.00 -0.025
123.00 -0.0264
124.00 -0.0223
125.00 -0.0263
126.00 -0.027
127.00 -0.0263
128.00 -0.0246
129.00 -0.0276
130.00 -0.0291
131.00 -0.0293
132.00 -0.0286
133.00 -0.03
134.00 -0.0296
135.00 -0.0311
136.00 -0.0323
137.00 -0.0383
138.00 -0.0341
139.00 -0.0341
140.00 -0.0359
141.00 -0.0343
142.00 -0.0366
143.00 -0.0342
144.00 -0.0318
145.00 -0.0319
146.00 -0.03
147.00 -0.036
148.00 -0.0342
149.00 -0.0364
150.00 -0.0363
151.00 -0.0384
152.00 -0.0356
153.00 -0.0376
154.00 -0.0384
155.00 -0.0389
156.00 -0.0423
157.00 -0.0429
158.00 -0.043
159.00 -0.0417
160.00 -0.042
161.00 -0.0401
162.00 -0.0408
163.00 -0.0424
164.00 -0.0392
165.00 -0.0392
166.00 -0.038
167.00 -0.0342
168.00 -0.0336
169.00 -0.0339
170.00 -0.0319
171.00 -0.0312
172.00 -0.0293
173.00 -0.0257
174.00 -0.0232
175.00 -0.0187
176.00 -0.0203
177.00 -0.0169
178.00 -0.0135
179.00 -0.0172
180.00 -0.0174
181.00 -0.0119
182.00 -0.0185
183.00 -0.0176
184.00 -0.0237
185.00 -0.0241
186.00 -0.0238
187.00 -0.0245
188.00 -0.0274
189.00 -0.0276
190.00 -0.0269
191.00 -0.0303
192.00 -0.0294
193.00 -0.027
194.00 -0.0304
195.00 -0.0294
196.00 -0.0282
197.00 -0.0301
198.00 -0.0288
199.00 -0.029
200.00 -0.0245
