.00 0
1.00 -0.0001
2.00 -0.0009
3.00 0.0003
4.00 -0.0026
5.00 -0.0001
6.00 0.0016
7.00 -0.0029
8.00 -0.0026
9.00 -0.0039
10.00 -0.0052
11.00 -0.0065
12.00 -0.0072
13.00 -0.0095
14.00 -0.0122
15.00 -0.0115
16.00 -0.0116
17.00 -0.0099
18.00 -0.0077
19.00 -0.006
20.00 -0.0095
21.00 -0.0138
22.00 -0.0132
23.00 -0.0208
24.00 -0.0159
25.00 -0.013
26.00 -0.0125
27.00 -0.0083
28.00 -0.0083
29.00 -0.0001
30.00 -0.0008
31.00 -0.0023
32.00 -0.0019
33.00 -0.004
34.00 0.0022
35.00 0.0014
36.00 0.0017
37.00 0.0053
38.00 0.006
39.00 0.0023
40.00 0.0004
41.00 -0.0035
42.00 -0.0012
43.00 -0.0048
44.00 -0.0036
45.00 0.0013
46.00 0.0005
47.00 0
48.00 0.0017
49.00 -0.0013
50.00 -0.0027
51.00 0.0032
52.00 0.0041
53.00 0.0052
54.00 0.0016
55.00 -0.0016
56.00 -0.0023
57.00 0.0005
58.00 0.0003
59.00 0.0006
60.00 -0.0004
61.00 -0.002
62.00 -0.0073
63.00 -0.0069
64.00 -0.0022
65.00 -0.0052
66.00 -0.0074
67.00 -0.0109
68.00 -0.0111
69.00 -0.0173
70.00 -0.0197
71.00 -0.0248
72.00 -0.0224
73.00 -0.0211
74.00 -0.0225
75.00 -0.0256
76.00 -0.0298
77.00 -0.0282
78.00 -0.0253
79.00 -0.0268
80.00 -0.0249
81.00 -0.0272
82.00 -0.026
83.00 -0.026
84.00 -0.0267
85.00 -0.0292
86.00 -0.0308
87.00 -0.0264
88.00 -0.0306
89.00 -0.0271
90.00 -0.0347
91.00 -0.032
92.00 -0.0334
93.00 -0.0319
94.00 -0.0335
95.00 -0.0319
96.00 -0.0332
97.00 -0.0359
98.00 -0.0387
99.00 -0.0366
100.00 -0.0381
101.00 -0.0375
102.00 -0.0391
103.00 -0.0342
104.00 -0.0349
105.00 -0.0344
106.00 -0.0355
107.00 -0.032
108.00 -0.0313
109.00 -0.0251
110.00 -0.0356
111.00 -0.0353
112.00 -0.0381
113.00 -0.0374
114.00 -0.0394
115.00 -0.0417
116.00 -0.0412
117.00 -0.0458
118.00 -0.0475
119.00 -0.0421
120.00 -0.0496
121.00 -0.0487
122.00 -0.0459
123.00 -0.0432
124.00 -0.0373
125.00 -0.0434
126.00 -0.0403
127.00 -0.0429
128.00 -0.0448
129.00 -0.0435
130.00 -0.047
131.00 -0.0437
132.00 -0.0461
133.00 -0.0467
134.00 -0.0481
135.00 -0.047
136.00 -0.0466
137.00 -0.0473
138.00 -0.0483
139.00 -0.0486
140.00 -0.0529
141.00 -0.0493
142.00 -0.0512
143.00 -0.0479
144.00 -0.0514
145.00 -0.0473
146.00 -0.0523
147.00 -0.0545
148.00 -0.0564
149.00 -0.0556
150.00 -0.0567
151.00 -0.0541
152.00 -0.056
153.00 -0.058
154.00 -0.06
155.00 -0.0627
156.00 -0.0634
157.00 -0.0636
158.00 -0.0622
159.00 -0.0669
160.00 -0.0693
161.00 -0.0682
162.00 -0.0694
163.00 -0.0724
164.00 -0.0706
165.00 -0.0691
166.00 -0.0678
167.00 -0.064
168.00 -0.0661
169.00 -0.0666
170.00 -0.0624
171.00 -0.0611
172.00 -0.0616
173.00 -0.0571
174.00 -0.0544
175.00 -0.0504
176.00 -0.0515
177.00 -0.0508
178.00 -0.0508
179.00 -0.0525
180.00 -0.0528
181.00 -0.0555
182.00 -0.0604
183.00 -0.0544
184.00 -0.0576
185.00 -0.0582
186.00 -0.0519
187.00 -0.05
188.00 -0.0523
189.00 -0.0544
190.00 -0.0524
191.00 -0.0485
192.00 -0.0527
193.00 -0.058
194.00 -0.0585
195.00 -0.0622
196.00 -0.0653
197.00 -0.0694
198.00 -0.0687
199.00 -0.0726
200.00 -0.0744
