.00 0
1.00 -0.0002
2.00 -0.0019
3.00 -0.0056
4.00 -0.0126
5.00 -0.0139
6.00 -0.0116
7.00 -0.0109
8.00 -0.012
9.00 -0.0206
10.00 -0.0255
11.00 -0.027
12.00 -0.029
13.00 -0.031
14.00 -0.0327
15.00 -0.0351
16.00 -0.0384
17.00 -0.042
18.00 -0.0402
19.00 -0.0376
20.00 -0.0419
21.00 -0.0488
22.00 -0.0487
23.00 -0.0546
24.00 -0.0508
25.00 -0.0502
26.00 -0.0496
27.00 -0.0473
28.00 -0.0457
29.00 -0.0423
30.00 -0.0438
31.00 -0.0441
32.00 -0.046
33.00 -0.0492
34.00 -0.0469
35.00 -0.0502
36.00 -0.0512
37.00 -0.0488
38.00 -0.0498
39.00 -0.052
40.00 -0.0541
41.00 -0.0592
42.00 -0.0613
43.00 -0.0617
44.00 -0.0631
45.00 -0.0597
46.00 -0.0618
47.00 -0.066
48.00 -0.072
49.00 -0.0753
50.00 -0.0787
51.00 -0.0791
52.00 -0.0804
53.00 -0.0778
54.00 -0.0844
55.00 -0.0846
56.00 -0.0856
57.00 -0.087
58.00 -0.0924
59.00 -0.098
60.00 -0.0931
61.00 -0.0956
62.00 -0.1011
63.00 -0.1026
64.00 -0.1055
65.00 -0.1131
66.00 -0.1149
67.00 -0.1191
68.00 -0.1185
69.00 -0.1216
70.00 -0.1235
71.00 -0.1248
72.00 -0.1251
73.00 -0.1267
74.00 -0.1275
75.00 -0.1319
76.00 -0.1318
77.00 -0.1346
78.00 -0.1375
79.00 -0.1419
80.00 -0.1452
81.00 -0.1488
82.00 -0.1458
83.00 -0.148
84.00 -0.1454
85.00 -0.1501
86.00 -0.1566
87.00 -0.1531
88.00 -0.159
89.00 -0.1578
90.00 -0.1657
91.00 -0.165
92.00 -0.1673
93.00 -0.1707
94.00 -0.1793
95.00 -0.1785
96.00 -0.1764
97.00 -0.1733
98.00 -0.1744
99.00 -0.1713
100.00 -0.1767
101.00 -0.1823
102.00 -0.1847
103.00 -0.1843
104.00 -0.1859
105.00 -0.1883
106.00 -0.1889
107.00 -0.1853
108.00 -0.1886
109.00 -0.1866
110.00 -0.1893
111.00 -0.1931
112.00 -0.1942
113.00 -0.1983
114.00 -0.1988
115.00 -0.2029
116.00 -0.205
117.00 -0.2133
118.00 -0.216
119.00 -0.2161
120.00 -0.2178
121.00 -0.2211
122.00 -0.218
123.00 -0.2208
124.00 -0.2208
125.00 -0.2265
126.00 -0.2294
127.00 -0.2326
128.00 -0.2327
129.00 -0.2351
130.00 -0.2371
131.00 -0.2384
132.00 -0.2408
133.00 -0.2438
134.00 -0.2477
135.00 -0.2472
136.00 -0.2497
137.00 -0.2534
138.00 -0.2531
139.00 -0.2528
140.00 -0.2549
141.00 -0.2554
142.00 -0.2579
143.00 -0.2534
144.00 -0.257
145.00 -0.2582
146.00 -0.2575
147.00 -0.2632
148.00 -0.2633
149.00 -0.2664
150.00 -0.268
151.00 -0.2703
152.00 -0.2706
153.00 -0.2729
154.00 -0.2729
155.00 -0.2776
156.00 -0.2783
157.00 -0.2759
158.00 -0.2757
159.00 -0.2759
160.00 -0.2761
161.00 -0.2764
162.00 -0.2767
163.00 -0.2803
164.00 -0.2796
165.00 -0.2813
166.00 -0.2778
167.00 -0.2738
168.00 -0.2768
169.00 -0.2781
170.00 -0.274
171.00 -0.2767
172.00 -0.2779
173.00 -0.2739
174.00 -0.2716
175.00 -0.2713
176.00 -0.2725
177.00 -0.2722
178.00 -0.2734
179.00 -0.2739
180.00 -0.2724
181.00 -0.27
182.00 -0.271
183.00 -0.2674
184.00 -0.2745
185.00 -0.2757
186.00 -0.2707
187.00 -0.2697
188.00 -0.2749
189.00 -0.2709
190.00 -0.2687
191.00 -0.2718
192.00 -0.2761
193.00 -0.279
194.00 -0.2802
195.00 -0.2877
196.00 -0.2865
197.00 -0.2868
198.00 -0.2881
199.00 -0.286
200.00 -0.2857
