.00 0
1.00 -0.0001
2.00 -0.0021
3.00 0.0002
4.00 -0.0007
5.00 -0.0029
6.00 -0.0007
7.00 0.0002
8.00 0.0015
9.00 -0.0043
10.00 -0.0057
11.00 0.0001
12.00 0.0004
13.00 0
14.00 -0.0013
15.00 -0.0013
16.00 -0.0008
17.00 -0.0008
18.00 -0.0003
19.00 0.0005
20.00 -0.0011
21.00 -0.0094
22.00 -0.0103
23.00 -0.0113
24.00 -0.0066
25.00 -0.0048
26.00 -0.0036
27.00 -0.001
28.00 0.0006
29.00 0.0048
30.00 -0.0001
31.00 0.0041
32.00 0.0008
33.00 -0.0008
34.00 0.0037
35.00 0.0006
36.00 0.0002
37.00 -0.0019
38.00 -0.0024
39.00 -0.0037
40.00 -0.0063
41.00 -0.0134
42.00 -0.011
43.00 -0.0106
44.00 -0.0089
45.00 -0.0048
46.00 -0.003
47.00 -0.0041
48.00 -0.0035
49.00 -0.0059
50.00 -0.0041
51.00 -0.0032
52.00 -0.0027
53.00 0
54.00 -0.0004
55.00 -0.0039
56.00 -0.005
57.00 -0.0093
58.00 -0.0071
59.00 -0.0094
60.00 -0.0063
61.00 -0.0115
62.00 -0.0169
63.00 -0.0177
64.00 -0.0131
65.00 -0.0194
66.00 -0.0186
67.00 -0.0194
68.00 -0.0168
69.00 -0.0185
70.00 -0.0183
71.00 -0.0212
72.00 -0.0214
73.00 -0.0216
74.00 -0.0212
75.00 -0.0205
76.00 -0.0211
77.00 -0.0183
78.00 -0.02
79.00 -0.0205
80.00 -0.0223
81.00 -0.0207
82.00 -0.0156
83.00 -0.0188
84.00 -0.0183
85.00 -0.0205
86.00 -0.0234
87.00 -0.0213
88.00 -0.0242
89.00 -0.0211
90.00 -0.0246
91.00 -0.02
92.00 -0.0204
93.00 -0.0231
94.00 -0.0236
95.00 -0.0241
96.00 -0.0261
97.00 -0.023
98.00 -0.0208
99.00 -0.0216
100.00 -0.025
101.00 -0.0232
102.00 -0.0238
103.00 -0.0227
104.00 -0.023
105.00 -0.0207
106.00 -0.0202
107.00 -0.0159
108.00 -0.0169
109.00 -0.0155
110.00 -0.019
111.00 -0.0209
112.00 -0.0224
113.00 -0.0277
114.00 -0.027
115.00 -0.0277
116.00 -0.0296
117.00 -0.0302
118.00 -0.0332
119.00 -0.0321
120.00 -0.0369
121.00 -0.0359
122.00 -0.0257
123.00 -0.0258
124.00 -0.0236
125.00 -0.0283
126.00 -0.0257
127.00 -0.0243
128.00 -0.0297
129.00 -0.0305
130.00 -0.0302
131.00 -0.0302
132.00 -0.032
133.00 -0.0308
134.00 -0.0318
135.00 -0.0343
136.00 -0.0369
137.00 -0.0368
138.00 -0.0364
139.00 -0.041
140.00 -0.0427
141.00 -0.0458
142.00 -0.0424
143.00 -0.0448
144.00 -0.0401
145.00 -0.0399
146.00 -0.0423
147.00 -0.0423
148.00 -0.0424
149.00 -0.0443
150.00 -0.0448
151.00 -0.043
152.00 -0.0408
153.00 -0.0441
154.00 -0.0467
155.00 -0.0501
156.00 -0.0501
157.00 -0.048
158.00 -0.0446
159.00 -0.0469
160.00 -0.0468
161.00 -0.0459
162.00 -0.0453
163.00 -0.0498
164.00 -0.0469
165.00 -0.0479
166.00 -0.0468
167.00 -0.0436
168.00 -0.0499
169.00 -0.0509
170.00 -0.0478
171.00 -0.045
172.00 -0.044
173.00 -0.042
174.00 -0.0412
175.00 -0.0386
176.00 -0.043
177.00 -0.0399
178.00 -0.0376
179.00 -0.0413
180.00 -0.0394
181.00 -0.0379
182.00 -0.0458
183.00 -0.0372
184.00 -0.0424
185.00 -0.0428
186.00 -0.0362
187.00 -0.035
188.00 -0.0353
189.00 -0.034
190.00 -0.0308
191.00 -0.0332
192.00 -0.0377
193.00 -0.0342
194.00 -0.0337
195.00 -0.0332
196.00 -0.0314
197.00 -0.0342
198.00 -0.0401
199.00 -0.0349
200.00 -0.0389
