.00 0
1.00 -0.0004
2.00 -0.0009
3.00 0.0008
4.00 -0.0007
5.00 0.0027
6.00 0.0043
7.00 0.008
8.00 0.0143
9.00 0.014
10.00 0.0087
11.00 0.0118
12.00 0.0093
13.00 0.0053
14.00 0.0016
15.00 -0.0014
16.00 -0.0035
17.00 -0.0056
18.00 -0.003
19.00 -0.0019
20.00 -0.0015
21.00 -0.0058
22.00 -0.0068
23.00 -0.0083
24.00 -0.0065
25.00 -0.0055
26.00 -0.0089
27.00 -0.0075
28.00 -0.0023
29.00 0.0057
30.00 0.0049
31.00 0.0056
32.00 0.0057
33.00 0.0023
34.00 0.0079
35.00 0.0077
36.00 0.0045
37.00 0.0071
38.00 0.0068
39.00 0.0092
40.00 0.0076
41.00 0.0039
42.00 0.0058
43.00 0.0028
44.00 0.0044
45.00 0.0113
46.00 0.0125
47.00 0.0115
48.00 0.0135
49.00 0.0137
50.00 0.0134
51.00 0.0171
52.00 0.0185
53.00 0.0195
54.00 0.0218
55.00 0.0195
56.00 0.0189
57.00 0.0195
58.00 0.0215
59.00 0.0219
60.00 0.0251
61.00 0.0219
62.00 0.0148
63.00 0.0112
64.00 0.01
65.00 0.0066
66.00 0.0071
67.00 0.0032
68.00 0.0065
69.00 0.0024
70.00 0.0018
71.00 0.0004
72.00 0.0015
73.00 -0.0014
74.00 -0.0024
75.00 -0.0047
76.00 -0.0055
77.00 -0.0082
78.00 -0.0108
79.00 -0.0188
80.00 -0.0173
81.00 -0.0206
82.00 -0.02
83.00 -0.0207
84.00 -0.0213
85.00 -0.0266
86.00 -0.0275
87.00 -0.0224
88.00 -0.0237
89.00 -0.0212
90.00 -0.0267
91.00 -0.0216
92.00 -0.02
93.00 -0.0241
94.00 -0.0225
95.00 -0.0274
96.00 -0.0307
97.00 -0.0253
98.00 -0.0247
99.00 -0.0255
100.00 -0.0283
101.00 -0.0288
102.00 -0.0278
103.00 -0.0281
104.00 -0.0271
105.00 -0.0251
106.00 -0.0249
107.00 -0.0215
108.00 -0.0208
109.00 -0.0189
110.00 -0.0244
111.00 -0.0224
112.00 -0.0231
113.00 -0.0243
114.00 -0.0231
115.00 -0.0231
116.00 -0.0248
117.00 -0.0252
118.00 -0.0252
119.00 -0.0258
120.00 -0.0276
121.00 -0.029
122.00 -0.0257
123.00 -0.0255
124.00 -0.0226
125.00 -0.0287
126.00 -0.0251
127.00 -0.0253
128.00 -0.0281
129.00 -0.0276
130.00 -0.0269
131.00 -0.0251
132.00 -0.0278
133.00 -0.0271
134.00 -0.0256
135.00 -0.0261
136.00 -0.0269
137.00 -0.0318
138.00 -0.0293
139.00 -0.0291
140.00 -0.0306
141.00 -0.0319
142.00 -0.0345
143.00 -0.0323
144.00 -0.0297
145.00 -0.0309
146.00 -0.029
147.00 -0.0343
148.00 -0.0355
149.00 -0.0367
150.00 -0.0387
151.00 -0.0393
152.00 -0.04
153.00 -0.0387
154.00 -0.0362
155.00 -0.0416
156.00 -0.0397
157.00 -0.0376
158.00 -0.0374
159.00 -0.0373
160.00 -0.0404
161.00 -0.0415
162.00 -0.0421
163.00 -0.0402
164.00 -0.0398
165.00 -0.04
166.00 -0.0367
167.00 -0.0323
168.00 -0.0337
169.00 -0.0353
170.00 -0.0344
171.00 -0.0336
172.00 -0.0312
173.00 -0.0303
174.00 -0.0276
175.00 -0.0194
176.00 -0.0205
177.00 -0.0187
178.00 -0.017
179.00 -0.0178
180.00 -0.0163
181.00 -0.0136
182.00 -0.017
183.00 -0.0112
184.00 -0.0178
185.00 -0.0147
186.00 -0.0108
187.00 -0.0115
188.00 -0.0101
189.00 -0.0092
190.00 -0.0064
191.00 -0.0078
192.00 -0.0103
193.00 -0.0102
194.00 -0.0106
195.00 -0.0107
196.00 -0.0097
197.00 -0.0094
198.00 -0.013
199.00 -0.0116
200.00 -0.0094
