.00 0
1.00 -0.0014
2.00 -0.0038
3.00 -0.0071
4.00 -0.0115
5.00 -0.0092
6.00 -0.0077
7.00 -0.0062
8.00 -0.0071
9.00 -0.0106
10.00 -0.0146
11.00 -0.0165
12.00 -0.0199
13.00 -0.0249
14.00 -0.0278
15.00 -0.0312
16.00 -0.0322
17.00 -0.0312
18.00 -0.0365
19.00 -0.033
20.00 -0.0362
21.00 -0.0408
22.00 -0.044
23.00 -0.0449
24.00 -0.0417
25.00 -0.0402
26.00 -0.0427
27.00 -0.0405
28.00 -0.0421
29.00 -0.0388
30.00 -0.0418
31.00 -0.0473
32.00 -0.0526
33.00 -0.0553
34.00 -0.0531
35.00 -0.0587
36.00 -0.0615
37.00 -0.0579
38.00 -0.0599
39.00 -0.0634
40.00 -0.0642
41.00 -0.0672
42.00 -0.0697
43.00 -0.0696
44.00 -0.0689
45.00 -0.0655
46.00 -0.0653
47.00 -0.068
48.00 -0.0669
49.00 -0.0697
50.00 -0.0727
51.00 -0.0707
52.00 -0.0692
53.00 -0.0722
54.00 -0.0699
55.00 -0.0743
56.00 -0.075
57.00 -0.0747
58.00 -0.0757
59.00 -0.0767
60.00 -0.0764
61.00 -0.0835
62.00 -0.0897
63.00 -0.0892
64.00 -0.0866
65.00 -0.0928
66.00 -0.0948
67.00 -0.095
68.00 -0.0977
69.00 -0.1009
70.00 -0.1026
71.00 -0.1029
72.00 -0.1034
73.00 -0.1025
74.00 -0.103
75.00 -0.1029
76.00 -0.1064
77.00 -0.103
78.00 -0.1026
79.00 -0.105
80.00 -0.1036
81.00 -0.1055
82.00 -0.1037
83.00 -0.1078
84.00 -0.1028
85.00 -0.1047
86.00 -0.1071
87.00 -0.1052
88.00 -0.1106
89.00 -0.1076
90.00 -0.1154
91.00 -0.1153
92.00 -0.1164
93.00 -0.1192
94.00 -0.1209
95.00 -0.127
96.00 -0.1288
97.00 -0.1279
98.00 -0.1281
99.00 -0.1238
100.00 -0.1285
101.00 -0.1273
102.00 -0.1309
103.00 -0.1288
104.00 -0.1302
105.00 -0.131
106.00 -0.1309
107.00 -0.1266
108.00 -0.1307
109.00 -0.1285
110.00 -0.1335
111.00 -0.1306
112.00 -0.1319
113.00 -0.1347
114.00 -0.1339
115.00 -0.1404
116.00 -0.1418
117.00 -0.1467
118.00 -0.1487
119.00 -0.1434
120.00 -0.1481
121.00 -0.15
122.00 -0.1432
123.00 -0.1426
124.00 -0.1419
125.00 -0.1463
126.00 -0.1472
127.00 -0.146
128.00 -0.1484
129.00 -0.1505
130.00 -0.1551
131.00 -0.1545
132.00 -0.1557
133.00 -0.1532
134.00 -0.1581
135.00 -0.1583
136.00 -0.1586
137.00 -0.1639
138.00 -0.1607
139.00 -0.1636
140.00 -0.1675
141.00 -0.1665
142.00 -0.1704
143.00 -0.1692
144.00 -0.1655
145.00 -0.1653
146.00 -0.1657
147.00 -0.168
148.00 -0.1686
149.00 -0.1699
150.00 -0.1719
151.00 -0.1733
152.00 -0.1754
153.00 -0.1745
154.00 -0.1747
155.00 -0.1773
156.00 -0.1776
157.00 -0.1772
158.00 -0.1763
159.00 -0.1768
160.00 -0.1778
161.00 -0.1785
162.00 -0.1769
163.00 -0.1801
164.00 -0.1768
165.00 -0.177
166.00 -0.1739
167.00 -0.1723
168.00 -0.1737
169.00 -0.1759
170.00 -0.1765
171.00 -0.176
172.00 -0.1747
173.00 -0.1734
174.00 -0.17
175.00 -0.1679
176.00 -0.1692
177.00 -0.1682
178.00 -0.1668
179.00 -0.17
180.00 -0.1692
181.00 -0.1686
182.00 -0.1723
183.00 -0.167
184.00 -0.1736
185.00 -0.1722
186.00 -0.1679
187.00 -0.1691
188.00 -0.1689
189.00 -0.1662
190.00 -0.165
191.00 -0.1668
192.00 -0.1694
193.00 -0.1742
194.00 -0.1766
195.00 -0.1824
196.00 -0.1823
197.00 -0.1853
198.00 -0.1861
199.00 -0.1836
200.00 -0.1821
