.00 0
1.00 -0.0008
2.00 -0.0031
3.00 -0.0029
4.00 -0.0037
5.00 -0.0009
6.00 0.0001
7.00 0.0026
8.00 0.0024
9.00 0.0012
10.00 -0.0021
11.00 -0.0013
12.00 0.0001
13.00 0.0017
14.00 -0.0043
15.00 -0.008
16.00 -0.0107
17.00 -0.0091
18.00 -0.0088
19.00 -0.0055
20.00 -0.005
21.00 -0.0119
22.00 -0.012
23.00 -0.0113
24.00 -0.0117
25.00 -0.0114
26.00 -0.0119
27.00 -0.0136
28.00 -0.0134
29.00 -0.0077
30.00 -0.0109
31.00 -0.0082
32.00 -0.0078
33.00 -0.0152
34.00 -0.0111
35.00 -0.0126
36.00 -0.0132
37.00 -0.0127
38.00 -0.0143
39.00 -0.0125
40.00 -0.015
41.00 -0.0179
42.00 -0.02
43.00 -0.0213
44.00 -0.0217
45.00 -0.0191
46.00 -0.019
47.00 -0.0225
48.00 -0.0228
49.00 -0.0273
50.00 -0.0283
51.00 -0.0223
52.00 -0.0219
53.00 -0.0258
54.00 -0.0226
55.00 -0.0272
56.00 -0.027
57.00 -0.0231
58.00 -0.0243
59.00 -0.0279
60.00 -0.0237
61.00 -0.0264
62.00 -0.0283
63.00 -0.0297
64.00 -0.0294
65.00 -0.0327
66.00 -0.0342
67.00 -0.0357
68.00 -0.0384
69.00 -0.0412
70.00 -0.0394
71.00 -0.0411
72.00 -0.0399
73.00 -0.0421
74.00 -0.0466
75.00 -0.0486
76.00 -0.0496
77.00 -0.0492
78.00 -0.0494
79.00 -0.0516
80.00 -0.054
81.00 -0.0557
82.00 -0.0515
83.00 -0.054
84.00 -0.0552
85.00 -0.0558
86.00 -0.0559
87.00 -0.0531
88.00 -0.0549
89.00 -0.0531
90.00 -0.0579
91.00 -0.0562
92.00 -0.0592
93.00 -0.064
94.00 -0.065
95.00 -0.0694
96.00 -0.0707
97.00 -0.0658
98.00 -0.0643
99.00 -0.0598
100.00 -0.0622
101.00 -0.0603
102.00 -0.0629
103.00 -0.0587
104.00 -0.0609
105.00 -0.0605
106.00 -0.0588
107.00 -0.0556
108.00 -0.0582
109.00 -0.056
110.00 -0.0611
111.00 -0.0615
112.00 -0.0616
113.00 -0.0627
114.00 -0.0634
115.00 -0.0662
116.00 -0.0689
117.00 -0.0722
118.00 -0.0739
119.00 -0.0741
120.00 -0.0807
121.00 -0.0829
122.00 -0.0827
123.00 -0.0798
124.00 -0.0792
125.00 -0.0841
126.00 -0.0822
127.00 -0.0857
128.00 -0.089
129.00 -0.0925
130.00 -0.0893
131.00 -0.0903
132.00 -0.0915
133.00 -0.0921
134.00 -0.0939
135.00 -0.0962
136.00 -0.0974
137.00 -0.1004
138.00 -0.0993
139.00 -0.1001
140.00 -0.1001
141.00 -0.1001
142.00 -0.1043
143.00 -0.1009
144.00 -0.1027
145.00 -0.102
146.00 -0.1006
147.00 -0.1015
148.00 -0.1028
149.00 -0.1023
150.00 -0.1004
151.00 -0.099
152.00 -0.0989
153.00 -0.1012
154.00 -0.1002
155.00 -0.1025
156.00 -0.1033
157.00 -0.1062
158.00 -0.1086
159.00 -0.1053
160.00 -0.1076
161.00 -0.1077
162.00 -0.1064
163.00 -0.1086
164.00 -0.1081
165.00 -0.1113
166.00 -0.1081
167.00 -0.1052
168.00 -0.1043
169.00 -0.1046
170.00 -0.1031
171.00 -0.1038
172.00 -0.103
173.00 -0.1021
174.00 -0.0993
175.00 -0.0977
176.00 -0.0968
177.00 -0.0961
178.00 -0.1008
179.00 -0.0987
180.00 -0.1004
181.00 -0.095
182.00 -0.0999
183.00 -0.0988
184.00 -0.0994
185.00 -0.0997
186.00 -0.092
187.00 -0.0923
188.00 -0.0921
189.00 -0.0924
190.00 -0.089
191.00 -0.0879
192.00 -0.0915
193.00 -0.0935
194.00 -0.0902
195.00 -0.0933
196.00 -0.0907
197.00 -0.0925
198.00 -0.0932
199.00 -0.0908
200.00 -0.0874
