.00 0
1.00 0
2.00 -0.0001
3.00 0.0006
4.00 0.0003
5.00 0.0035
6.00 0.0085
7.00 0.0101
8.00 0.0155
9.00 0.0089
10.00 0.0064
11.00 0.0076
12.00 0.0055
13.00 0.0028
14.00 -0.0007
15.00 -0.0045
16.00 -0.008
17.00 -0.0093
18.00 -0.0094
19.00 -0.0069
20.00 -0.0113
21.00 -0.0136
22.00 -0.0108
23.00 -0.0111
24.00 -0.0103
25.00 -0.0053
26.00 -0.0018
27.00 0.0002
28.00 0.0026
29.00 0.0076
30.00 0.0055
31.00 0.0072
32.00 0.0053
33.00 0.0039
34.00 0.0084
35.00 0.0057
36.00 0.0054
37.00 0.0071
38.00 0.0082
39.00 0.0069
40.00 0.0085
41.00 0.0069
42.00 0.0036
43.00 0.0009
44.00 0.0021
45.00 0.0096
46.00 0.0083
47.00 0.007
48.00 0.0089
49.00 0.0093
50.00 0.007
51.00 0.0109
52.00 0.0116
53.00 0.0127
54.00 0.0148
55.00 0.0089
56.00 0.0082
57.00 0.0084
58.00 0.0105
59.00 0.0112
60.00 0.014
61.00 0.0112
62.00 0.0091
63.00 0.0075
64.00 0.0087
65.00 0.0045
66.00 0.0054
67.00 0.0056
68.00 0.0045
69.00 0.0053
70.00 0.0047
71.00 0.0032
72.00 0.0013
73.00 0.0043
74.00 0.0019
75.00 0.0023
76.00 0.0022
77.00 0.0029
78.00 0.0031
79.00 0.0025
80.00 0.0046
81.00 0.0015
82.00 0.0019
83.00 0.002
84.00 -0.0006
85.00 -0.0013
86.00 -0.0025
87.00 0.0007
88.00 -0.0039
89.00 0.0007
90.00 -0.0072
91.00 -0.0043
92.00 -0.0057
93.00 -0.01
94.00 -0.0127
95.00 -0.0117
96.00 -0.0164
97.00 -0.0135
98.00 -0.0137
99.00 -0.012
100.00 -0.0149
101.00 -0.0127
102.00 -0.0191
103.00 -0.0198
104.00 -0.0175
105.00 -0.0158
106.00 -0.0175
107.00 -0.0144
108.00 -0.0162
109.00 -0.0121
110.00 -0.0152
111.00 -0.0143
112.00 -0.0191
113.00 -0.0213
114.00 -0.0171
115.00 -0.018
116.00 -0.0195
117.00 -0.0218
118.00 -0.0221
119.00 -0.0171
120.00 -0.0194
121.00 -0.0239
122.00 -0.019
123.00 -0.0196
124.00 -0.0172
125.00 -0.025
126.00 -0.0188
127.00 -0.0176
128.00 -0.0206
129.00 -0.0219
130.00 -0.021
131.00 -0.0213
132.00 -0.0215
133.00 -0.0198
134.00 -0.0199
135.00 -0.0203
136.00 -0.0221
137.00 -0.0211
138.00 -0.0185
139.00 -0.0181
140.00 -0.0216
141.00 -0.0252
142.00 -0.0284
143.00 -0.024
144.00 -0.0249
145.00 -0.0267
146.00 -0.0258
147.00 -0.0246
148.00 -0.0263
149.00 -0.0265
150.00 -0.0274
151.00 -0.0245
152.00 -0.0263
153.00 -0.0297
154.00 -0.0308
155.00 -0.0328
156.00 -0.0357
157.00 -0.0368
158.00 -0.0383
159.00 -0.0359
160.00 -0.0405
161.00 -0.036
162.00 -0.0362
163.00 -0.0398
164.00 -0.0357
165.00 -0.0324
166.00 -0.033
167.00 -0.0293
168.00 -0.0312
169.00 -0.0324
170.00 -0.03
171.00 -0.0315
172.00 -0.029
173.00 -0.0257
174.00 -0.025
175.00 -0.0203
176.00 -0.0228
177.00 -0.0174
178.00 -0.0176
179.00 -0.0178
180.00 -0.0135
181.00 -0.0122
182.00 -0.0185
183.00 -0.0143
184.00 -0.0194
185.00 -0.0201
186.00 -0.0173
187.00 -0.0175
188.00 -0.0187
189.00 -0.0154
190.00 -0.0138
191.00 -0.0194
192.00 -0.0227
193.00 -0.0225
194.00 -0.0214
195.00 -0.025
196.00 -0.0279
197.00 -0.0301
198.00 -0.0322
199.00 -0.031
200.00 -0.0293
