.00 0
1.00 0.001
2.00 -0.0012
3.00 -0.0006
4.00 -0.0041
5.00 -0.0019
6.00 0.003
7.00 -0.0053
8.00 -0.0028
9.00 -0.0023
10.00 -0.0027
11.00 -0.0062
12.00 -0.0074
13.00 -0.0072
14.00 -0.0085
15.00 -0.0092
16.00 -0.0108
17.00 -0.0101
18.00 -0.0089
19.00 -0.0053
20.00 -0.009
21.00 -0.0123
22.00 -0.0117
23.00 -0.0117
24.00 -0.0113
25.00 -0.0064
26.00 -0.0038
27.00 -0.0045
28.00 -0.0035
29.00 0.0021
30.00 0.0011
31.00 -0.0005
32.00 -0.0004
33.00 -0.0035
34.00 0.0038
35.00 0.0013
36.00 0.001
37.00 0.004
38.00 0.006
39.00 0.0072
40.00 0.0067
41.00 0.0038
42.00 0.0069
43.00 0.0064
44.00 0.0061
45.00 0.0105
46.00 0.01
47.00 0.0078
48.00 0.0094
49.00 0.0086
50.00 0.0094
51.00 0.0114
52.00 0.0129
53.00 0.0132
54.00 0.013
55.00 0.0085
56.00 0.0087
57.00 0.01
58.00 0.0126
59.00 0.0103
60.00 0.0148
61.00 0.0122
62.00 0.0089
63.00 0.0059
64.00 0.0094
65.00 0.007
66.00 0.0056
67.00 0.0016
68.00 0.0011
69.00 -0.0017
70.00 -0.0061
71.00 -0.0068
72.00 -0.0086
73.00 -0.009
74.00 -0.0108
75.00 -0.0129
76.00 -0.0114
77.00 -0.0138
78.00 -0.0162
79.00 -0.0163
80.00 -0.0126
81.00 -0.0201
82.00 -0.0203
83.00 -0.0244
84.00 -0.0186
85.00 -0.023
86.00 -0.0225
87.00 -0.0221
88.00 -0.0247
89.00 -0.0205
90.00 -0.0296
91.00 -0.0255
92.00 -0.0236
93.00 -0.0266
94.00 -0.0278
95.00 -0.0316
96.00 -0.0316
97.00 -0.0286
98.00 -0.0249
99.00 -0.0204
100.00 -0.0216
101.00 -0.0247
102.00 -0.0284
103.00 -0.0287
104.00 -0.0311
105.00 -0.0259
106.00 -0.0291
107.00 -0.0245
108.00 -0.0312
109.00 -0.0261
110.00 -0.0372
111.00 -0.0366
112.00 -0.0405
113.00 -0.0431
114.00 -0.0491
115.00 -0.0505
116.00 -0.0521
117.00 -0.0521
118.00 -0.0553
119.00 -0.052
120.00 -0.0581
121.00 -0.0576
122.00 -0.0572
123.00 -0.0569
124.00 -0.0574
125.00 -0.0607
126.00 -0.0572
127.00 -0.0588
128.00 -0.0598
129.00 -0.0586
130.00 -0.0627
131.00 -0.0619
132.00 -0.0641
133.00 -0.0636
134.00 -0.0633
135.00 -0.0679
136.00 -0.0671
137.00 -0.0689
138.00 -0.0682
139.00 -0.0688
140.00 -0.0683
141.00 -0.0693
142.00 -0.0742
143.00 -0.0759
144.00 -0.0722
145.00 -0.0697
146.00 -0.0702
147.00 -0.0709
148.00 -0.0688
149.00 -0.0666
150.00 -0.0662
151.00 -0.066
152.00 -0.0663
153.00 -0.0683
154.00 -0.0697
155.00 -0.0703
156.00 -0.0695
157.00 -0.0679
158.00 -0.0671
159.00 -0.0669
160.00 -0.0675
161.00 -0.0663
162.00 -0.0691
163.00 -0.0714
164.00 -0.0689
165.00 -0.0694
166.00 -0.0654
167.00 -0.0642
168.00 -0.0659
169.00 -0.0636
170.00 -0.0643
171.00 -0.0654
172.00 -0.0694
173.00 -0.0649
174.00 -0.0604
175.00 -0.0601
176.00 -0.059
177.00 -0.056
178.00 -0.0523
179.00 -0.0518
180.00 -0.0525
181.00 -0.048
182.00 -0.051
183.00 -0.0471
184.00 -0.0554
185.00 -0.0507
186.00 -0.0452
187.00 -0.0464
188.00 -0.0491
189.00 -0.0509
190.00 -0.0461
191.00 -0.0474
192.00 -0.0499
193.00 -0.0504
194.00 -0.0503
195.00 -0.0522
196.00 -0.0506
197.00 -0.0488
198.00 -0.0515
199.00 -0.0497
200.00 -0.0479
