.00 0
1.00 -0.0003
2.00 -0.0024
3.00 -0.0013
4.00 -0.0002
5.00 0.0029
6.00 0.0037
7.00 0.004
8.00 0.0072
9.00 0.0038
10.00 0.0023
11.00 0.001
12.00 -0.0012
13.00 -0.0023
14.00 -0.0047
15.00 -0.0056
16.00 -0.0095
17.00 -0.0096
18.00 -0.0086
19.00 -0.005
20.00 -0.0064
21.00 -0.0107
22.00 -0.0145
23.00 -0.0179
24.00 -0.0128
25.00 -0.0038
26.00 -0.0026
27.00 -0.0029
28.00 -0.0029
29.00 0.0035
30.00 -0.0016
31.00 -0.0025
32.00 -0.0033
33.00 -0.0044
34.00 0.0011
35.00 -0.005
36.00 -0.0069
37.00 -0.0052
38.00 -0.0064
39.00 -0.0098
40.00 -0.0072
41.00 -0.0085
42.00 -0.0076
43.00 -0.0129
44.00 -0.0088
45.00 -0.0052
46.00 -0.0029
47.00 -0.0077
48.00 0.0019
49.00 0.002
50.00 0.0013
51.00 -0.0008
52.00 0.0034
53.00 0.0036
54.00 0
55.00 -0.0028
56.00 -0.0009
57.00 -0.0027
58.00 -0.001
59.00 -0.0028
60.00 0.0011
61.00 0.0001
62.00 -0.0018
63.00 -0.005
64.00 -0.0041
65.00 -0.0101
66.00 -0.01
67.00 -0.0121
68.00 -0.009
69.00 -0.0093
70.00 -0.0114
71.00 -0.0121
72.00 -0.0141
73.00 -0.0136
74.00 -0.0137
75.00 -0.0153
76.00 -0.016
77.00 -0.0184
78.00 -0.0231
79.00 -0.0275
80.00 -0.027
81.00 -0.0281
82.00 -0.0245
83.00 -0.0289
84.00 -0.0238
85.00 -0.0262
86.00 -0.0292
87.00 -0.0271
88.00 -0.0344
89.00 -0.0315
90.00 -0.0363
91.00 -0.0298
92.00 -0.0287
93.00 -0.034
94.00 -0.037
95.00 -0.0393
96.00 -0.0414
97.00 -0.0411
98.00 -0.0348
99.00 -0.0322
100.00 -0.0324
101.00 -0.0321
102.00 -0.03
103.00 -0.0291
104.00 -0.0318
105.00 -0.0314
106.00 -0.0317
107.00 -0.0273
108.00 -0.03
109.00 -0.0261
110.00 -0.03
111.00 -0.0284
112.00 -0.0325
113.00 -0.035
114.00 -0.0365
115.00 -0.0413
116.00 -0.0387
117.00 -0.0443
118.00 -0.0467
119.00 -0.0451
120.00 -0.0456
121.00 -0.0499
122.00 -0.0439
123.00 -0.0442
124.00 -0.0408
125.00 -0.047
126.00 -0.0418
127.00 -0.0447
128.00 -0.0456
129.00 -0.0461
130.00 -0.0471
131.00 -0.0478
132.00 -0.048
133.00 -0.0469
134.00 -0.0458
135.00 -0.0457
136.00 -0.0485
137.00 -0.048
138.00 -0.046
139.00 -0.0484
140.00 -0.0517
141.00 -0.0505
142.00 -0.0544
143.00 -0.0553
144.00 -0.0525
145.00 -0.0473
146.00 -0.049
147.00 -0.0483
148.00 -0.0509
149.00 -0.0483
150.00 -0.0466
151.00 -0.0482
152.00 -0.0478
153.00 -0.0467
154.00 -0.0458
155.00 -0.0495
156.00 -0.0516
157.00 -0.0458
158.00 -0.0451
159.00 -0.0457
160.00 -0.0477
161.00 -0.0473
162.00 -0.0473
163.00 -0.0488
164.00 -0.0476
165.00 -0.0488
166.00 -0.0475
167.00 -0.0472
168.00 -0.0495
169.00 -0.0491
170.00 -0.0442
171.00 -0.0462
172.00 -0.0477
173.00 -0.042
174.00 -0.0402
175.00 -0.0374
176.00 -0.0374
177.00 -0.0389
178.00 -0.0368
179.00 -0.0402
180.00 -0.0411
181.00 -0.0385
182.00 -0.0428
183.00 -0.0341
184.00 -0.036
185.00 -0.0393
186.00 -0.0335
187.00 -0.0336
188.00 -0.0347
189.00 -0.0337
190.00 -0.0329
191.00 -0.0341
192.00 -0.0353
193.00 -0.034
194.00 -0.0367
195.00 -0.0371
196.00 -0.0369
197.00 -0.0375
198.00 -0.0402
199.00 -0.0353
200.00 -0.0366
