.00 0
1.00 -0.0002
2.00 -0.002
3.00 -0.0002
4.00 -0.0024
5.00 -0.0038
6.00 -0.0041
7.00 -0.0064
8.00 0.0007
9.00 0.0024
10.00 -0.0015
11.00 -0.0006
12.00 -0.0035
13.00 -0.0086
14.00 -0.0106
15.00 -0.0078
16.00 -0.0155
17.00 -0.0139
18.00 -0.0096
19.00 -0.0055
20.00 -0.0094
21.00 -0.0111
22.00 -0.0123
23.00 -0.0132
24.00 -0.0118
25.00 -0.0054
26.00 -0.0044
27.00 -0.0042
28.00 -0.0032
29.00 0.0047
30.00 0.0044
31.00 0.0055
32.00 0.0039
33.00 0.0031
34.00 0.0046
35.00 0.0022
36.00 0.0043
37.00 0.0073
38.00 0.0062
39.00 0.0089
40.00 0.0072
41.00 0.0058
42.00 0.0062
43.00 0.0056
44.00 0.0064
45.00 0.0128
46.00 0.0127
47.00 0.011
48.00 0.0093
49.00 0.0101
50.00 0.0079
51.00 0.0103
52.00 0.0111
53.00 0.0096
54.00 0.0102
55.00 0.0074
56.00 0.0065
57.00 0.0077
58.00 0.0098
59.00 0.0052
60.00 0.0066
61.00 0.0064
62.00 0.0034
63.00 -0.0011
64.00 0.0013
65.00 -0.0019
66.00 -0.0024
67.00 -0.0036
68.00 -0.0033
69.00 -0.0076
70.00 -0.0082
71.00 -0.0137
72.00 -0.0139
73.00 -0.0139
74.00 -0.0161
75.00 -0.0207
76.00 -0.0227
77.00 -0.0228
78.00 -0.0224
79.00 -0.0204
80.00 -0.0223
81.00 -0.0254
82.00 -0.0237
83.00 -0.0229
84.00 -0.0179
85.00 -0.0185
86.00 -0.0173
87.00 -0.0137
88.00 -0.0142
89.00 -0.0086
90.00 -0.0203
91.00 -0.0169
92.00 -0.0155
93.00 -0.0165
94.00 -0.0201
95.00 -0.0223
96.00 -0.0263
97.00 -0.0195
98.00 -0.0207
99.00 -0.0179
100.00 -0.0187
101.00 -0.0165
102.00 -0.0186
103.00 -0.0162
104.00 -0.0182
105.00 -0.0162
106.00 -0.0183
107.00 -0.0135
108.00 -0.0149
109.00 -0.0099
110.00 -0.014
111.00 -0.0151
112.00 -0.0168
113.00 -0.0164
114.00 -0.0164
115.00 -0.0165
116.00 -0.0188
117.00 -0.022
118.00 -0.0223
119.00 -0.0184
120.00 -0.0197
121.00 -0.0193
122.00 -0.0144
123.00 -0.0147
124.00 -0.0133
125.00 -0.0182
126.00 -0.0155
127.00 -0.0175
128.00 -0.0202
129.00 -0.021
130.00 -0.0264
131.00 -0.0239
132.00 -0.0243
133.00 -0.0241
134.00 -0.0243
135.00 -0.0258
136.00 -0.0254
137.00 -0.0283
138.00 -0.0278
139.00 -0.0274
140.00 -0.0278
141.00 -0.0288
142.00 -0.0332
143.00 -0.026
144.00 -0.0234
145.00 -0.0243
146.00 -0.0248
147.00 -0.0252
148.00 -0.026
149.00 -0.0244
150.00 -0.0257
151.00 -0.0318
152.00 -0.0342
153.00 -0.0361
154.00 -0.0376
155.00 -0.0412
156.00 -0.0406
157.00 -0.0387
158.00 -0.0391
159.00 -0.0364
160.00 -0.037
161.00 -0.0351
162.00 -0.0358
163.00 -0.0377
164.00 -0.0393
165.00 -0.039
166.00 -0.038
167.00 -0.0334
168.00 -0.0377
169.00 -0.0384
170.00 -0.0349
171.00 -0.0352
172.00 -0.0332
173.00 -0.0304
174.00 -0.0307
175.00 -0.031
176.00 -0.0345
177.00 -0.0324
178.00 -0.0314
179.00 -0.0309
180.00 -0.0298
181.00 -0.0258
182.00 -0.0288
183.00 -0.0233
184.00 -0.0264
185.00 -0.0246
186.00 -0.0204
187.00 -0.0207
188.00 -0.0213
189.00 -0.0211
190.00 -0.0218
191.00 -0.0232
192.00 -0.0266
193.00 -0.0257
194.00 -0.0298
195.00 -0.0308
196.00 -0.0289
197.00 -0.0297
198.00 -0.0291
199.00 -0.0261
200.00 -0.0236
