.00 0
1.00 -0.0003
2.00 -0.001
3.00 0.0004
4.00 0.0006
5.00 0.0034
6.00 0.0003
7.00 -0.0016
8.00 0.0016
9.00 0.0011
10.00 0.0005
11.00 0.002
12.00 0.0012
13.00 0.0008
14.00 -0.0015
15.00 -0.0008
16.00 -0.0016
17.00 -0.0032
18.00 0.0028
19.00 0.0036
20.00 0.0011
21.00 -0.0035
22.00 -0.0028
23.00 -0.0035
24.00 -0.0013
25.00 0.0024
26.00 0.0056
27.00 0.0069
28.00 0.0084
29.00 0.0135
30.00 0.0136
31.00 0.0137
32.00 0.0132
33.00 0.0104
34.00 0.0123
35.00 0.0095
36.00 0.0057
37.00 0.0066
38.00 0.0063
39.00 0.0063
40.00 0.0043
41.00 0.003
42.00 -0.0002
43.00 0.0018
44.00 -0.0016
45.00 0.0029
46.00 0.0045
47.00 0.0011
48.00 0.0071
49.00 0.0026
50.00 -0.0006
51.00 0.0039
52.00 0.0047
53.00 0.0029
54.00 0.0032
55.00 -0.0025
56.00 -0.0026
57.00 -0.0062
58.00 -0.0061
59.00 -0.0065
60.00 -0.0052
61.00 -0.0064
62.00 -0.0079
63.00 -0.0082
64.00 -0.0068
65.00 -0.0072
66.00 -0.0118
67.00 -0.0184
68.00 -0.0232
69.00 -0.0259
70.00 -0.026
71.00 -0.0275
72.00 -0.0294
73.00 -0.0287
74.00 -0.0316
75.00 -0.0303
76.00 -0.0313
77.00 -0.0299
78.00 -0.0293
79.00 -0.0295
80.00 -0.0288
81.00 -0.0309
82.00 -0.0282
83.00 -0.0282
84.00 -0.0248
85.00 -0.0266
86.00 -0.0276
87.00 -0.0249
88.00 -0.028
89.00 -0.0245
90.00 -0.0308
91.00 -0.0281
92.00 -0.0279
93.00 -0.0296
94.00 -0.0317
95.00 -0.0337
96.00 -0.0371
97.00 -0.0357
98.00 -0.0332
99.00 -0.0323
100.00 -0.0352
101.00 -0.0363
102.00 -0.0381
103.00 -0.0349
104.00 -0.0356
105.00 -0.0379
106.00 -0.0361
107.00 -0.0332
108.00 -0.0392
109.00 -0.0358
110.00 -0.044
111.00 -0.041
112.00 -0.0428
113.00 -0.0492
114.00 -0.0491
115.00 -0.0512
116.00 -0.0496
117.00 -0.0536
118.00 -0.056
119.00 -0.0507
120.00 -0.0545
121.00 -0.056
122.00 -0.0539
123.00 -0.0508
124.00 -0.0504
125.00 -0.0548
126.00 -0.0517
127.00 -0.0506
128.00 -0.0507
129.00 -0.0553
130.00 -0.0545
131.00 -0.0564
132.00 -0.0599
133.00 -0.0594
134.00 -0.0595
135.00 -0.0599
136.00 -0.0602
137.00 -0.0624
138.00 -0.0576
139.00 -0.0576
140.00 -0.0601
141.00 -0.0602
142.00 -0.0626
143.00 -0.0607
144.00 -0.0589
145.00 -0.0567
146.00 -0.0554
147.00 -0.0591
148.00 -0.0622
149.00 -0.0599
150.00 -0.0602
151.00 -0.0574
152.00 -0.0589
153.00 -0.0591
154.00 -0.0613
155.00 -0.0644
156.00 -0.0647
157.00 -0.0633
158.00 -0.0639
159.00 -0.0616
160.00 -0.0621
161.00 -0.0631
162.00 -0.0642
163.00 -0.0674
164.00 -0.0668
165.00 -0.0688
166.00 -0.0675
167.00 -0.0645
168.00 -0.0657
169.00 -0.0681
170.00 -0.0662
171.00 -0.0693
172.00 -0.0671
173.00 -0.0626
174.00 -0.0591
175.00 -0.0554
176.00 -0.0574
177.00 -0.0585
178.00 -0.0575
179.00 -0.0614
180.00 -0.0605
181.00 -0.0558
182.00 -0.062
183.00 -0.0571
184.00 -0.0605
185.00 -0.0599
186.00 -0.0552
187.00 -0.0558
188.00 -0.0581
189.00 -0.0577
190.00 -0.0564
191.00 -0.0595
192.00 -0.0637
193.00 -0.0626
194.00 -0.0635
195.00 -0.0663
196.00 -0.0641
197.00 -0.0652
198.00 -0.0646
199.00 -0.0625
200.00 -0.0614
