405.4449127424
403.79564530073606
403.79564530073606
401.59662204518395
399.39759878963196
398.0232092549122
395.5493080924157
391.70101739519987
390.60150576742444
387.3029708840959
386.20345925632
382.35516855910373
379.33151158271994
377.9571220480002
376.85761042022386
381.2556569313283
375.2083429785598
375.4832208855041
377.6822441410559
376.03297669939184
376.03297669939184
375.2083429785607
380.9807790243831
374.658587164673
375.2083429785598
376.03297669939093
374.1088313507844
374.3837092577287
374.1088313507844
373.00931972300714
373.00931972300896
371.6349301882874
368.3363953049593
372.184686002176
365.86249414246413
363.38859297996896
363.66347088691145
362.83883716608034
361.7393255383031
361.4644476313606
360.36493600358335
357.8910348410882
358.1659127480325
356.51664530636845
356.51664530636845
355.1422557716469
354.3176220508176
352.94323251609603
352.1185987952631
350.7442092605452
348.5451860049907
347.17079647027276
344.42201740082965
342.7727499591674
340.84860461056087
340.57372670361656
341.3983604244495
332.3273894952945
329.578610425855
325.1805639147533
322.4317848453138
318.0337383342048
313.63569182310675
310.337156939775
306.7637441495026
303.74008717312245
295.21887205785606
292.47009298841294
289.4464360120328
291.92033717452796
291.095703453695
279.8257092689928
274.60302903705815
274.3281511301102
272.9537615953923
270.4798604328971
271.0296162467821
272.12912787455934
269.3803488051235
266.90644764262106
268.00595927040195
266.3566918287361
265.53205810790314
265.53205810790314
263.3330348523523
264.43254648012953
263.6079127592966
260.8591336898535
260.0344999690242
259.75962206207987
259.20986624819125
257.8354767134733
258.93498834124694
256.7359650856961
256.46108717875177
255.63645345792247
255.0866976440302
254.2620639232009
254.26206392319727
253.43743020237162
252.88767438847572
251.51328485376143
250.9635290398728
250.9635290398728
249.86401741209556
248.2147499704297
247.66499415654835
284.4986336870352
241.61768020378076
238.86890113433765
235.84524415795022
238.86890113433765
229.24817439129401
227.59890694962814
224.02549415936664
222.6511046246378
219.90232555520197
219.35256974130607
217.15354648576613
215.50427904409298
212.75549997465714
210.83135462604696
209.4569650913254
206.15843020800094
203.40965113855782
200.11111625523336
197.91209299967886
198.18697090663045
194.0638023024585
198.7367267205118
188.2913662566425
191.04014532607835
184.99283137331076
183.34356393165217
182.79380811775627
182.51893021081924
181.14454067609768
180.59478486220178
178.39576160666184
177.57112788582162
177.2962499788773
175.92186044416303
173.99771509555285
202.03526160383626
172.8982034677756
172.62332556083857
173.72283718860126
171.52381393306132
172.34844765388698
171.52381393305404
170.69918021222838
170.14942439833248
169.87454649139545
169.87454649138817
169.32479067750683
168.2252790497223
167.95040114278527
167.12576742195233
165.75137788723077
166.02625579418236
163.55235463167628
162.72772091085062
162.17796509695472
160.52869765529613
160.52869765529613
160.52869765529613
158.87943021363753
158.60455230668595
158.87943021363026
156.95528486502735
155.58089533029852
156.13065114419442
155.03113951641717
155.03113951641717
155.03113951641717
153.106994167807
153.6567499816956
152.28236044697405
152.55723835391836
151.4577267261484
150.9079709122525
148.9838255636496
149.80845928448252
149.25870347058662
147.60943602892803
147.0596802150394
146.50992440115806
145.96016858726216
144.5857790525406
144.58577905254788
142.11187789004907
142.93651161087473
141.56212207616045
163.82723253862787
138.53846509977302
137.71383137894736
138.81334300671733
136.0645639372815
136.0645639372815
135.51480812339287
