69.818988363776
69.544110456832
69.54411045683199
69.26923254988802
69.26923254988799
69.54411045683202
68.99435464294402
68.99435464294402
68.44459882905596
68.44459882905596
68.16972092211199
67.89484301516802
68.16972092211199
67.89484301516802
66.52045348044805
65.42094185267206
64.87118603878389
64.04655231795209
62.6721627832319
61.8475290624001
61.572651155456015
64.04655231795186
57.72436045823997
56.07509301657615
56.349970923520004
55.800215109631836
54.15094766796801
53.876069761024155
52.22680231935988
51.677046505471935
50.57753487769605
48.653389529088145
46.72924418047978
46.454366273535925
43.70558720409599
42.056319762432395
39.58241859993586
38.48290697215998
34.35973836799985
32.16071511244809
29.137058136063843
25.01388953190417
23.639499997183975
21.715354648576067
20.066087206912016
18.416819765247965
17.867063951359796
17.042430230528225
14.843406974976006
13.469017440255811
14.01877325414398
13.469017440256266
12.369505812479929
12.094627905536072
9.895604649983852
9.895604649983852
8.796093022208424
8.79609302220797
7.971459301375944
7.421703487487775
7.42170348748823
7.421703487487775
6.597069766656205
6.59706976665575
5.772436045824179
6.322191859711893
6.047313952768036
6.047313952768036
5.497558138879867
4.9478023249921534
5.22268023193601
4.9478023249921534
4.123168604159673
5.772436045824179
4.123168604160128
3.5734127902719592
4.398046511103985
3.5734127902719592
3.848290697215816
3.5734127902719592
3.2985348833281023
3.0236569763842454
3.2985348833276475
3.5734127902719592
1.9241453486083628
3.0236569763837906
2.7487790694399337
3.5734127902719592
3.0236569763842454
2.7487790694399337
2.199023255551765
2.7487790694403884
3.0236569763837906
1.924145348607908
1.924145348607908
2.19902325555222
2.199023255551765
1.9241453486083628
2.473901162495622
2.4739011624960767
1.3743895347201942
2.199023255551765
1.6492674416640511
2.7487790694399337
2.19902325555222
1.6492674416640511
1.0995116277758825
1.924145348607908
2.19902325555222
1.3743895347197395
1.3743895347201942
1.924145348607908
1.924145348607908
1.9241453486083628
1.3743895347197395
2.7487790694399337
0.2748779069443117
1.6492674416640511
1.6492674416635964
1.6492674416640511
1.924145348607908
1.9241453486083628
2.199023255551765
1.3743895347201942
1.924145348607908
1.6492674416640511
1.6492674416640511
0.5497558138877139
2.19902325555222
0.8246337208320256
1.6492674416640511
1.0995116277758825
0.5497558138881686
1.3743895347197395
0.8246337208320256
1.6492674416640511
0.8246337208320256
0.8246337208320256
1.3743895347197395
0.5497558138881686
1.3743895347201942
0.27487790694385694
0.0
0.8246337208320256
0.8246337208320256
1.3743895347197395
0.8246337208320256
0.5497558138881686
1.0995116277758825
1.3743895347201942
0.0
0.8246337208320256
0.8246337208320256
1.3743895347197395
1.0995116277763373
0.27487790694385694
1.0995116277758825
0.27487790694385694
0.8246337208320256
1.0995116277763373
0.0
0.8246337208320256
1.3743895347197395
0.8246337208320256
1.0995116277758825
0.5497558138881686
0.5497558138881686
0.8246337208320256
1.0995116277758825
0.0
0.0
1.0995116277758825
1.0995116277758825
1.3743895347201942
0.5497558138881686
0.8246337208320256
0.27487790694385694
0.8246337208320256
0.8246337208320256
0.8246337208320256
0.0
0.8246337208320256
1.0995116277758825
0.27487790694385694
0.8246337208320256
0.5497558138881686
1.0995116277758825
1.3743895347201942
0.27487790694385694
0.5497558138881686
-0.2748779069443117
0.8246337208320256
-0.27487790694385694
0.0
0.0
0.27487790694385694
1.0995116277758825
-0.27487790694385694
1.0995116277758825
1.3743895347201942
