353.492988329984
352.94323251609603
352.3934767022081
352.118598795264
352.66835460915195
352.3934767022081
352.6683546091517
352.3934767022083
351.8437208883197
351.5688429813763
351.56884298137584
350.7442092605438
350.19445344665655
348.5451860049916
347.9954301911039
348.2703080980482
348.5451860049916
348.5451860049925
346.89591856332754
346.62104065638414
346.89591856332845
346.3461627494398
347.44567437721616
347.17079647027094
348.5451860049925
349.3698197258236
349.0949418188811
351.8437208883188
352.66835460915354
353.76786623692715
354.8673778647044
354.8673778647044
355.6920115855355
354.8673778647044
353.76786623692715
351.293965074432
349.0949418188811
344.97177321471827
340.29884879667225
335.3510464716801
328.4790987980814
321.8820290314234
308.9627674050553
293.569604616192
278.17644182732874
260.0344999690242
232.82158718156825
216.60379067187205
209.18208718438473
206.70818602188592
194.88843602329507
190.21551160524905
187.46673253580957
185.26770928025508
183.89331974553716
180.3199069552611
176.19673835110734
175.64698253721508
171.52381393305404
178.1208836997139
164.37698835251285
163.2774767247356
160.52869765529613
159.42918602751888
158.32967439974527
156.13065114419078
154.48138370252855
153.93162788863992
154.75626160947286
150.0833371914232
148.98382556364595
148.43406974976097
146.7848023080951
144.03602323865562
143.48626742477063
142.38675579698975
142.11187789004907
141.28724416921614
140.7374883553275
139.6379767275539
137.98870928588804
139.08822091366164
134.69017440255993
136.61431975117011
132.21627324006113
131.94139533312045
132.21627324006477
131.39163951923183
130.8418837053432
133.315784867842
130.01724998451027
126.16895928729718
126.71871510118217
125.06944765952358
124.79456975257563
132.49115114700544
122.59554649702477
124.51969184563131
118.74725579980804
117.92262207897875
116.27335463730924
116.27335463731288
120.9462790553589
108.85165114982374
108.57677324288306
107.20238370815787
105.27823835955132
105.27823835955496
104.17872673177408
103.07921510400047
104.7284825456627
100.33043603456099
100.33043603456099
99.23092440678374
98.1314127790065
98.68116859289512
97.03190115123289
96.48214533734426
96.20726743039995
95.93238952345564
95.10775580262634
94.8328778956784
95.38263370956702
94.0082441748491
94.28312208179341
93.73336626790115
93.73336626790478
92.08409882624255
92.35897673318323
91.25946510540598
91.80922091929824
90.70970929151736
89.06044184985876
88.5106860359665
87.96093022208152
85.2121511526384
84.11263952486479
83.28800580403185
83.28800580403185
82.46337208319892
81.36386045542531
81.088982548481
79.71459301375944
80.53922673459238
80.26434882764806
79.43971510681513
78.06532557209721
77.51556975820495
77.7904476651529
76.69093603737565
76.14118022348703
75.04166859571342
74.21703487488048
75.04166859571342
73.39240115404755
73.39240115404755
73.11752324710324
72.01801161932963
71.19337789849305
70.09386627072308
69.54411045683082
68.9943546429422
69.54411045683446
67.07020929433565
67.61996510822428
67.07020929433565
65.97069766655841
65.97069766656205
65.14606394572547
64.32143022489618
63.49679650406688
64.04655231795186
63.22191859711893
63.22191859711893
62.947040690178255
61.29777324850875
61.297773248512385
60.74801743462376
59.923383713794465
59.648505806846515
58.274116272128595
57.72436045823997
57.72436045823997
56.624848830462724
56.62484883046636
56.0750930165741
57.99923836518428
55.250459295744804
54.97558138880049
55.52533720268548
53.60119185408257
54.70070348185618
53.876069761023246
54.42582557491187
53.601191854078934
53.876069761023246
54.150947667971195
53.05143604019031
53.876069761023246
53.876069761023246
