60.47313952768
60.47313952768
59.923383713792006
59.64850580684799
58.823872086016024
57.449482551296
56.624848830463975
55.800215109632006
55.25045929574401
56.075093016576034
53.60119185407996
52.776558133248045
52.22680231935999
52.22680231935999
51.127290691583994
50.57753487769594
50.57753487769605
50.30265697075197
49.75290115686403
47.82875580825589
47.82875580825612
46.72924418048001
46.17948836659207
45.354854645759815
45.904610459647984
44.53022092492802
42.88095348326419
43.70558720409599
42.880953483263966
41.781441855487856
41.78144185548808
41.231686041599914
39.857296506880175
39.307540692992006
38.75778487910384
37.65827325132818
37.38339534438387
37.93315115827204
36.28388371660799
36.28388371660799
35.184372088832106
34.35973836799985
33.80998255411214
34.909494181887794
34.634616274944165
35.18437208883188
33.26022674022397
33.26022674022397
32.435593019391945
32.71047092633626
32.16071511244809
33.26022674022397
31.61095929855992
31.336081391616062
30.786325577727894
30.786325577727894
31.061203484672205
30.511447670784037
30.511447670784037
29.961691856895868
29.411936043008154
29.68681394995201
29.137058136063843
28.312424415231817
28.31242441523227
28.312424415231817
29.137058136063843
27.21291278745639
27.48779069439979
27.212912787455934
27.762668601344103
26.938034880512078
26.38827906662391
27.212912787455934
27.212912787455934
26.38827906662391
26.938034880512078
26.38827906662391
27.487790694400246
26.113401159680052
25.83852325273574
26.113401159680052
24.739011624960312
25.288767438848026
24.18925581107169
24.739011624960312
25.563645345791883
23.914377904127832
25.838523252736195
24.464133718016
23.639499997183975
23.089744183295807
23.08974418329626
22.539988369407638
22.814866276352404
22.539988369407638
22.265110462464236
22.81486627635195
21.990232555519924
22.539988369408093
22.539988369408093
22.539988369407638
21.99023255552038
22.539988369407638
21.99023255552038
21.990232555519924
21.1655988346879
21.715354648576067
20.89072092774404
20.61584302079973
20.89072092774404
20.615843020800185
19.79120929996816
20.61584302079973
19.24145348607999
20.615843020800185
18.69169767219182
19.516331393023847
18.966575579136133
19.24145348607999
18.691697672192277
18.69169767219182
18.966575579136133
18.96657557913568
18.416819765247965
17.59218604441594
17.86706395136025
17.59218604441594
17.86706395136025
16.492674416639602
17.317308137472537
16.21779650969529
15.942918602752798
16.21779650969529
16.767552323583914
16.2177965096962
16.49267441664051
17.042430230527316
15.942918602752798
15.393162788863265
15.942918602751888
15.393162788864174
14.293651161087837
15.668040695808486
15.393162788864174
15.942918602751888
15.118284881919863
14.293651161087837
15.393162788864174
14.568529068032149
13.743895347200123
14.018773254143525
14.293651161087837
16.767552323583914
14.293651161088746
13.1941395333115
14.568529068032149
14.293651161087837
12.919261626368097
13.743895347200123
13.743895347200123
13.1941395333115
14.293651161088746
12.919261626367188
13.743895347200123
12.919261626368097
12.919261626368097
12.919261626368097
12.094627905536072
12.644383719423786
12.094627905536072
12.644383719423786
12.369505812480384
12.094627905536072
12.644383719423786
12.369505812480384
12.644383719423786
12.644383719423786
12.369505812480384
12.369505812479474
11.81974999859267
12.369505812479474
11.81974999859176
12.094627905536072
12.369505812480384
11.81974999859176
12.644383719423786
11.269994184704046
10.720238370816332
10.995116277759735
9.620726743039995
11.544872091648358
9.895604649984307
10.720238370815423
9.620726743039995
10.720238370816332
10.720238370815423
9.620726743039995
10.720238370816332
11.269994184704046
