188.566244163584
189.66575579136
188.01648834969598
186.64209881497607
185.26770928025599
185.81746509414404
185.54258718719984
184.71795346636804
184.44307555942396
184.99283137331213
184.71795346636782
181.41941858304017
181.96917439692788
182.2440523038722
181.41941858303971
179.77015114137612
180.04502904831998
178.39576160665592
180.3199069552643
182.51893021081605
183.34356393164762
174.27259300249625
174.2725930024958
170.42430230528043
170.42430230527953
165.7513778872326
162.7277209108479
161.35333137612815
158.32967439974345
157.50504067891234
153.3818720747522
151.73260463308725
148.43406974976006
147.60943602892803
145.13553486643195
143.2113895178245
142.9365116108802
139.9128546344955
142.11187789004816
131.66651742617614
128.91773835673575
148.43406974976006
126.71871510118399
120.67140114841641
123.69505812479929
115.99847673036857
115.99847673036766
112.42506394009615
109.67628487065576
108.02701742899171
106.10287208038426
104.1787267317768
106.37774998732675
102.80433719705616
103.62897091788909
97.58165696511969
97.856534872064
96.48214533734426
94.28312208179159
92.08409882624073
91.53434301235029
91.80922091929642
90.98458719846349
89.88507557068806
87.96093022208152
88.78556394291081
87.6860523151372
87.41117440819107
86.31166278041565
84.66239533875341
85.2121511526384
85.21215115264022
83.28800580403185
83.56288371097617
89.88507557068806
83.28800580403185
81.088982548481
80.81410464153487
79.16483719987264
80.81410464153669
78.88995929292832
77.24069185126245
76.69093603737747
76.14118022348703
75.0416685957116
76.69093603737565
74.21703487488048
74.21703487488048
75.59142440960022
72.29288952627212
72.01801161932781
70.36874417766376
69.26923254988833
69.81898836377513
67.89484301516859
101.42994766233642
65.97069766656023
65.4209418526716
64.59630813184049
65.14606394572729
62.947040690176436
62.39728487628781
62.672162783232125
62.672162783232125
61.02289534156807
59.92338371379083
59.923383713792646
59.923383713792646
59.92338371379083
57.72436045823997
59.09874999295971
58.548994179072906
57.99923836518428
76.14118022348703
53.60119185408075
54.70070348185618
54.15094766796756
54.15094766796756
54.97558138880049
54.42582557491187
53.60119185408075
53.05143604019213
54.70070348185436
52.77655813324964
53.876069761023246
53.05143604019213
51.9519244124167
52.501680226303506
52.226802319359194
51.67704650547239
51.9519244124167
54.15094766796756
50.57753487769514
50.02777906380834
49.75290115686403
49.75290115686403
50.02777906380834
49.203145342975404
50.30265697075265
48.92826743603109
46.72924418048024
48.37851162214429
46.72924418048024
47.27899999436886
46.17948836659161
47.828755808255664
47.27899999436704
46.17948836659343
46.17948836659161
47.55387790131135
45.62973255270481
44.805098831871874
45.079976738816185
45.3548546457605
45.9046104596473
44.53022092492756
44.53022092492756
44.805098831871874
42.60607557632102
45.079976738816185
42.88095348326351
42.6060755763192
43.430709297152134
42.33119766937671
42.88095348326351
41.50656394854377
41.78144185548808
41.50656394854559
42.6060755763192
41.78144185548808
40.681930227712655
41.50656394854377
41.78144185548808
43.430709297152134
44.53022092492756
43.15583139020782
43.15583139020782
43.15583139020782
43.705587204096446
41.78144185548808
42.33119766937489
42.33119766937671
42.056319762432395
41.23168604159946
40.681930227710836
42.056319762432395
40.95680813465515
40.681930227714474
40.681930227710836
40.681930227710836
38.75778487910429
40.956808134658786
39.58241859993359
39.58241859993723
39.58241859993723
39.032662786044966
39.307540692992916
38.75778487910429
39.85729650688154
39.30754069298928
