715.5
727.6500000000001
726.75
713.6999999999998
706.9500000000003
689.3999999999996
667.8000000000002
661.9499999999998
646.6499999999987
646.6500000000015
633.1499999999996
621.9000000000015
600.75
586.8000000000011
583.6499999999978
572.8500000000004
557.0999999999985
544.0500000000029
539.5499999999993
535.0499999999993
531.4500000000007
523.7999999999993
513.4499999999989
505.7999999999993
495.89999999999964
497.70000000000255
485.9999999999982
484.1999999999989
482.4000000000051
471.1499999999978
470.24999999999636
468.4500000000007
472.0500000000029
454.50000000000364
445.04999999999563
452.25
439.6499999999978
440.5500000000029
441.4499999999971
437.8500000000022
430.2000000000007
430.1999999999971
429.2999999999993
418.5000000000073
413.0999999999949
415.7999999999993
399.6000000000058
388.3499999999949
370.7999999999993
363.6000000000022
369.00000000000364
354.1499999999978
348.75
343.3500000000022
329.40000000000146
329.8499999999949
314.1000000000022
302.84999999999854
304.2000000000007
300.1499999999942
295.6500000000051
290.70000000000437
294.7499999999927
279.4500000000007
274.0500000000029
258.29999999999563
270.45000000000437
266.40000000000146
264.59999999999854
256.5
256.94999999999345
255.15000000000146
253.8000000000029
251.09999999999854
241.65000000000146
243.0
243.0
224.5500000000029
230.84999999999854
235.34999999999854
229.95000000000437
223.1999999999971
222.29999999999563
215.5500000000029
223.65000000000146
228.15000000000146
224.09999999999854
219.14999999999418
216.0
217.35000000000582
212.84999999999854
209.25
207.90000000000146
207.4499999999971
204.3000000000029
207.4499999999971
198.45000000000437
211.49999999999272
207.45000000000437
211.49999999999272
197.10000000000582
192.60000000000582
196.20000000000437
202.04999999999563
194.39999999999418
190.35000000000582
195.29999999999563
199.34999999999854
190.35000000000582
186.75
178.1999999999971
179.09999999999854
185.40000000000873
173.6999999999898
180.4499999999971
191.25000000000728
194.40000000000146
189.4499999999971
182.25
172.35000000000582
173.6999999999898
170.09999999999854
163.35000000000582
164.25
162.89999999999418
166.50000000000728
160.65000000000146
155.6999999999971
149.39999999999418
148.95000000000437
143.5500000000029
129.60000000000582
135.8999999999869
133.65000000000146
145.8000000000029
139.04999999999563
135.90000000000873
139.5
134.54999999999563
132.75000000000728
139.04999999998836
139.0500000000029
128.25
126.0
132.75
126.89999999999418
118.34999999999854
121.50000000001455
117.44999999998981
117.0
115.20000000000437
119.70000000000437
119.69999999999709
119.25
130.50000000000728
130.49999999999272
117.44999999999709
117.89999999999418
108.00000000001455
106.64999999999418
99.0
96.30000000000291
98.99999999999272
84.14999999999418
84.60000000000582
84.15000000000873
90.8999999999869
80.55000000000291
87.75000000000728
106.64999999999418
93.59999999999854
91.3500000000131
99.44999999998981
89.09999999999854
92.25000000000728
98.09999999999127
90.45000000000437
90.0
88.65000000000146
90.89999999999418
77.40000000001601
78.74999999998545
84.59999999999854
88.65000000000146
81.45000000000437
76.04999999999563
60.750000000007276
66.59999999999127
75.15000000000146
67.04999999999563
66.15000000000146
72.44999999999709
58.95000000001164
65.25
66.15000000000146
73.34999999999127
67.5
57.6000000000131
65.24999999999272
63.900000000001455
