377.1
365.4
346.5
331.6500000000001
333.45000000000005
317.2499999999998
299.25
279.0
261.00000000000045
252.44999999999936
253.35000000000036
239.39999999999964
227.70000000000027
209.25
203.39999999999964
196.65000000000055
182.2500000000009
166.9499999999989
159.75
157.05000000000018
155.69999999999982
150.30000000000018
147.60000000000036
130.5
117.89999999999964
119.25000000000091
114.74999999999909
112.94999999999891
100.80000000000109
94.05000000000018
85.04999999999927
81.90000000000055
70.64999999999964
66.59999999999945
58.95000000000164
55.349999999998545
45.0
41.400000000000546
45.899999999999636
42.29999999999927
36.45000000000073
37.350000000000364
39.149999999999636
31.50000000000091
25.19999999999891
18.450000000001637
23.849999999999454
19.349999999999454
16.19999999999891
12.150000000000546
14.849999999999454
11.700000000000728
17.100000000001273
12.149999999998727
4.950000000000728
0.4499999999998181
-1.3500000000012733
-0.4499999999979991
0.4499999999979991
-1.799999999998363
-4.950000000000728
-4.949999999998909
-6.750000000001819
-4.949999999997999
-2.2500000000009095
0.4499999999998181
1.3500000000003638
-1.3500000000003638
-4.949999999998909
-4.5
-3.150000000001455
-8.099999999998545
-14.400000000001455
-15.74999999999909
-9.900000000001455
-9.899999999999636
-11.25
-11.25
-17.099999999998545
-14.400000000001455
-12.599999999998545
-19.80000000000109
-16.649999999998727
-15.300000000002001
-23.399999999998727
-21.600000000001273
-22.049999999999272
-21.600000000000364
-15.74999999999909
-18.900000000000546
-18.900000000000546
-17.099999999999454
-22.949999999999818
-24.30000000000109
-32.39999999999873
-30.600000000000364
-25.649999999999636
-30.149999999999636
-31.5
-29.25000000000091
-26.550000000000182
-35.099999999998545
-35.55000000000109
-33.75
-36.44999999999982
-27.0
-30.150000000000546
-31.050000000000182
-38.69999999999891
-37.350000000000364
-39.600000000000364
-39.599999999998545
-41.400000000000546
-40.95000000000073
-40.94999999999982
-43.19999999999891
-43.20000000000073
-48.150000000001455
-47.699999999998
-46.80000000000109
-49.95000000000073
-56.699999999998
-58.50000000000091
-49.49999999999909
-52.20000000000073
-46.350000000000364
-48.150000000000546
-40.49999999999909
-48.150000000000546
-43.649999999999636
-45.0
-48.149999999999636
-48.150000000000546
-44.099999999999454
-51.30000000000018
-52.19999999999982
-49.5
-56.25
-52.20000000000164
-48.599999999999454
-56.24999999999909
-52.19999999999982
-56.70000000000073
-60.75
-61.19999999999982
-57.150000000000546
-48.599999999999454
-49.94999999999982
-51.30000000000018
-51.30000000000018
-54.45000000000073
-52.19999999999891
-59.849999999999454
-57.60000000000127
-55.349999999999454
-57.59999999999991
-53.100000000000364
-58.04999999999973
-57.599999999999454
-55.35000000000082
-56.70000000000027
-57.599999999999
-58.95000000000073
-52.19999999999936
-55.80000000000064
-57.149999999999636
-60.30000000000018
-57.599999999999454
-50.850000000000364
-57.149999999999636
-54.000000000000455
-52.65000000000009
-53.54999999999973
-55.350000000000364
-45.899999999999636
-49.94999999999982
-45.90000000000009
-52.65000000000009
-54.000000000000455
-54.899999999999636
-54.0
-56.69999999999982
-61.65000000000009
-56.25
-56.25
-53.55000000000018
-58.04999999999973
-56.25
-57.600000000000364
-54.45000000000027
-57.149999999999636
-58.95000000000027
-58.94999999999982
-58.049999999999955
-57.59999999999991
-56.25
-60.299999999999955
-53.549999999999955
-55.80000000000041
-56.25
