389.7
355.49999999999994
334.35000000000025
319.9499999999998
316.79999999999995
304.2000000000003
286.64999999999986
269.5500000000002
247.49999999999955
231.30000000000064
229.49999999999955
213.30000000000018
207.0
188.09999999999945
174.15000000000055
162.89999999999964
154.35000000000036
148.05000000000018
146.2499999999991
137.70000000000073
133.64999999999964
132.75
124.19999999999982
134.10000000000036
124.19999999999891
122.40000000000055
100.80000000000018
105.30000000000018
104.85000000000036
97.19999999999982
88.20000000000073
87.29999999999927
70.64999999999964
67.5
66.15000000000055
62.099999999999454
60.75
54.900000000001455
55.79999999999836
59.399999999999636
44.550000000002
52.19999999999982
49.49999999999818
45.900000000000546
43.650000000001455
43.19999999999891
34.650000000000546
22.94999999999891
24.300000000000182
27.900000000000546
27.0
19.799999999999272
17.550000000000182
24.299999999999272
19.350000000001273
16.650000000000546
20.699999999999818
13.5
16.649999999999636
28.799999999999272
17.55000000000109
18.899999999999636
19.799999999999272
16.650000000000546
15.300000000000182
15.75
20.25000000000091
14.399999999999636
17.99999999999818
19.350000000002183
15.299999999998363
15.75
9.450000000000728
6.300000000000182
7.649999999999636
4.949999999998909
-8.549999999998363
-1.8000000000010914
-6.299999999999272
-8.99999999999909
-11.700000000002547
-13.049999999998363
-12.599999999999454
-14.399999999999636
-16.650000000000546
-18.0
-14.399999999999636
-15.300000000000182
-13.50000000000091
-13.049999999999272
-13.950000000001637
-13.949999999998909
-10.349999999999454
-13.950000000001637
-22.949999999998
-18.900000000000546
-13.50000000000091
-17.099999999999454
-18.900000000000546
-18.899999999999636
-21.149999999998727
-17.100000000001273
-21.149999999999636
-16.200000000000728
-19.349999999999454
-21.150000000000546
-24.75
-24.299999999999272
-26.100000000000364
-33.29999999999927
-22.050000000000182
-24.300000000000182
-25.200000000000728
-25.19999999999891
-25.650000000001455
-22.5
-23.399999999998727
-20.699999999999818
-27.450000000001637
-31.049999999998363
-29.25
-25.650000000001455
-23.399999999998727
-24.75000000000091
-23.400000000000546
-29.24999999999909
-33.30000000000018
-35.100000000000364
-35.099999999999454
-39.600000000000364
-35.54999999999836
-37.80000000000109
-38.69999999999891
-37.80000000000018
-33.75
-36.900000000001455
-41.849999999998545
-35.100000000000364
-31.950000000001637
-33.29999999999927
-27.899999999998727
-34.20000000000073
-27.900000000000546
-30.599999999998545
-34.650000000000546
-37.80000000000018
-39.60000000000127
-38.24999999999818
-44.100000000000364
-40.95000000000073
-43.649999999999636
-33.30000000000018
-39.149999999999636
-38.69999999999982
-43.650000000000546
-45.900000000000546
-52.19999999999891
-40.50000000000091
-45.45000000000073
-43.64999999999873
-48.60000000000127
-49.94999999999891
-48.600000000000364
-49.04999999999927
-42.75000000000091
-44.54999999999836
-47.70000000000073
-45.0
-42.29999999999927
-49.05000000000018
-50.85000000000127
-43.649999999999636
-53.55000000000018
-47.24999999999909
-45.45000000000073
-49.05000000000018
-45.44999999999982
-41.850000000000364
-39.149999999999636
-40.94999999999982
-50.850000000000364
-42.29999999999927
-40.50000000000091
-41.399999999999636
-36.44999999999982
-40.04999999999973
-37.34999999999991
-34.650000000000546
-33.30000000000018
-37.79999999999973
-40.94999999999982
-40.04999999999973
-40.95000000000073
-49.94999999999982
-47.70000000000027
-44.099999999999454
-49.500000000000455
-49.499999999999545
-53.55000000000018
-48.15000000000009
