527.8499999999999
526.95
511.1999999999998
489.1500000000003
461.25
443.69999999999936
428.400000000001
407.69999999999936
398.2500000000009
392.3999999999987
371.2500000000009
355.9500000000007
352.34999999999854
331.1999999999989
315.0000000000018
303.3000000000002
294.2999999999993
278.5500000000002
274.9499999999989
261.0
259.65000000000146
247.95000000000073
243.89999999999964
225.4499999999989
216.00000000000182
207.4499999999989
201.14999999999964
200.25
194.39999999999964
188.10000000000036
178.64999999999964
182.24999999999818
171.90000000000146
165.60000000000036
151.20000000000073
148.04999999999927
140.40000000000146
130.04999999999927
145.79999999999745
143.100000000004
124.19999999999891
125.99999999999818
124.65000000000327
127.79999999999563
116.54999999999927
102.1500000000051
109.79999999999745
101.69999999999891
94.50000000000364
97.64999999999782
96.75
94.5
93.14999999999964
83.25000000000182
92.70000000000073
92.69999999999891
84.60000000000036
94.94999999999709
89.55000000000109
76.5
83.25
79.20000000000255
79.649999999996
87.75
72.00000000000182
75.14999999999964
73.35000000000036
69.29999999999927
66.14999999999964
65.69999999999891
60.30000000000291
67.94999999999891
53.100000000000364
52.64999999999782
62.10000000000218
49.04999999999927
55.350000000000364
43.19999999999891
51.75000000000182
47.70000000000073
43.64999999999782
47.24999999999818
40.50000000000182
45.0
38.25000000000182
43.650000000001455
38.25
25.649999999997817
29.24999999999818
33.30000000000109
33.30000000000291
32.39999999999782
28.350000000002183
39.59999999999491
42.75000000000182
36.900000000003274
23.399999999995998
30.150000000001455
28.799999999999272
28.350000000000364
28.350000000002183
29.24999999999818
35.55000000000109
31.5
24.74999999999818
23.850000000000364
36.45000000000073
18.899999999997817
20.700000000004366
24.299999999995634
16.200000000002547
21.149999999999636
14.850000000002183
22.5
20.69999999999891
12.149999999997817
15.75
16.650000000001455
15.299999999999272
11.25
21.599999999998545
19.350000000002183
22.5
19.350000000000364
14.399999999999636
14.399999999997817
13.950000000002547
17.549999999999272
11.699999999998909
13.950000000000728
21.600000000000364
12.599999999998545
21.149999999999636
9.450000000000728
15.299999999999272
14.399999999999636
18.450000000004366
11.699999999998909
11.249999999998181
7.649999999999636
6.30000000000291
11.699999999998909
4.499999999998181
12.149999999999636
21.150000000001455
11.25
14.850000000002183
15.299999999999272
9.450000000000728
11.699999999998909
10.800000000001091
13.499999999996362
15.299999999999272
14.400000000001455
14.399999999997817
15.750000000003638
12.599999999998545
13.05000000000291
14.399999999997817
13.049999999999272
13.05000000000291
7.200000000000728
10.799999999999272
12.599999999994907
6.30000000000291
1.3500000000021828
8.549999999995634
5.400000000005093
-1.8000000000029104
-6.299999999999272
1.7999999999992724
6.75
1.7999999999992724
5.850000000002183
1.3499999999985448
3.149999999997817
0.4500000000043656
1.7999999999956344
0.9000000000014552
-1.7999999999992724
5.850000000002183
-1.8000000000029104
4.049999999999272
-3.149999999997817
-7.200000000000728
4.049999999999272
1.8000000000029104
6.299999999999272
1.3500000000021828
-1.8000000000065484
-4.049999999995634
-1.7999999999992724
1.7999999999992724
-4.049999999999272
-1.3500000000021828
-7.200000000000728
-9.44999999999709
-10.350000000002183
-4.5
-3.150000000001455
