697.5
711.9000000000001
695.2499999999995
688.9500000000003
682.2000000000003
678.5999999999995
666.9000000000015
649.7999999999993
642.1499999999996
628.1999999999998
633.1499999999996
620.5500000000002
622.7999999999993
596.7000000000007
590.3999999999996
587.25
571.9500000000007
557.1000000000022
550.7999999999975
539.5499999999993
541.3500000000022
535.4999999999982
525.6000000000004
517.5
500.40000000000146
491.39999999999964
489.60000000000036
476.5500000000011
468.8999999999942
471.15000000000146
453.1500000000051
433.34999999999854
423.4500000000007
406.79999999999563
403.6499999999978
391.95000000000437
371.25
361.7999999999993
336.59999999999854
313.65000000000146
286.65000000000146
261.90000000000146
256.5
252.89999999999782
229.5
211.04999999999927
193.49999999999636
185.40000000000873
175.49999999999636
157.5
144.90000000000146
143.54999999999927
139.49999999999636
153.45000000000073
142.64999999999782
131.85000000000582
130.9499999999971
129.59999999999854
121.5
112.05000000000291
105.75000000000364
114.29999999999563
111.14999999999782
108.90000000000146
94.05000000000291
100.35000000000218
100.799999999992
103.95000000000437
90.0
94.05000000000291
93.14999999999418
93.14999999999782
82.80000000000655
82.79999999999563
85.05000000000655
76.04999999999563
65.70000000000437
62.54999999999927
70.64999999999418
68.85000000000582
67.04999999999563
59.400000000001455
53.099999999998545
49.04999999999927
54.0
56.25000000000364
53.099999999998545
45.0
50.39999999999782
62.54999999999927
63.0
59.400000000001455
59.85000000000218
55.80000000000291
62.09999999999127
64.80000000000291
68.40000000000146
54.900000000001455
57.599999999998545
54.0
59.85000000000218
69.75
72.45000000000073
68.84999999999854
65.70000000000073
68.39999999999782
68.84999999999854
65.25
67.95000000000437
79.64999999999782
71.0999999999949
74.25000000000728
72.45000000000073
71.54999999999563
59.85000000000218
55.349999999998545
62.10000000000218
68.39999999999782
57.60000000000218
56.24999999999636
56.70000000000073
58.49999999999636
72.450000000008
67.049999999992
81.45000000000437
81.00000000000364
78.29999999999563
77.84999999999854
74.25
76.05000000000291
68.84999999999854
71.09999999999854
74.700000000008
89.54999999999563
78.30000000000291
75.5999999999949
83.25
87.75000000000364
85.94999999999709
80.99999999999636
85.50000000000728
92.70000000000073
96.29999999999563
92.70000000000073
88.19999999999709
98.55000000000291
98.09999999999854
88.65000000000146
92.25000000000364
83.25
101.24999999999272
94.95000000000073
90.0
90.45000000000073
80.54999999999927
86.85000000000218
90.89999999999782
100.35000000000218
103.94999999999709
98.09999999999854
96.30000000000291
98.55000000000291
94.95000000000437
99.90000000000146
97.19999999998981
99.90000000000146
94.95000000000437
101.24999999999272
96.30000000001019
103.49999999999272
98.09999999999854
110.70000000000437
108.44999999999709
104.85000000000582
105.75
102.14999999999418
102.15000000000146
97.20000000000437
101.69999999999709
101.25
103.04999999999563
102.15000000000146
95.85000000000582
100.79999999999563
105.29999999999563
103.95000000000437
105.75
103.5
103.5
108.90000000000146
103.04999999999563
102.59999999999854
103.95000000000437
105.75
104.84999999999854
101.25
103.94999999999709
105.30000000001019
104.84999999999127
105.75
