-80.5
506.00000000000006
206.99999999999994
11.5
-23.0
-333.5
506.0
-218.5
391.0
356.5
161.0
586.5
218.5
264.5
57.500000000000455
448.49999999999955
11.500000000000455
69.0
-483.00000000000045
322.00000000000045
862.5
207.0
448.50000000000045
-230.0000000000009
-379.5
-161.0
-298.99999999999955
275.99999999999955
69.00000000000045
-11.500000000000455
-22.999999999999545
287.50000000000045
287.4999999999991
-448.5
207.0
-126.5
-333.5
57.5
115.0
-68.99999999999955
126.5
80.49999999999909
57.500000000000455
-149.49999999999955
-494.50000000000045
-80.5
287.50000000000045
-69.0
402.5
264.49999999999955
-195.5
-57.5
241.5
-57.5
471.5000000000009
-103.50000000000091
23.00000000000091
68.99999999999909
11.50000000000091
-345.0000000000009
632.5
34.5
23.0
-149.5
414.0
575.0
-34.49999999999909
160.9999999999991
218.5
-195.5
874.0
356.5000000000009
-356.5000000000009
368.0
253.0
241.5
92.00000000000091
218.4999999999991
0.0
563.5000000000018
-218.5
149.49999999999818
-23.0
-344.9999999999982
91.99999999999818
253.0
-391.0000000000009
586.5000000000027
-471.50000000000273
793.5000000000009
-11.5
92.00000000000182
183.99999999999818
160.99999999999818
80.50000000000182
264.5
-333.5
-184.0
-218.5
161.00000000000182
91.99999999999818
241.50000000000182
-69.00000000000182
103.5
-276.0
287.5000000000018
-379.5
862.4999999999982
-206.99999999999818
356.5
-299.0
241.49999999999818
356.5000000000018
621.0
34.49999999999818
609.5
540.5000000000018
448.5
-667.0
862.4999999999982
138.0
-195.49999999999818
-161.00000000000182
-34.49999999999818
735.9999999999982
460.0
241.50000000000182
229.99999999999818
828.0
149.50000000000182
-264.50000000000364
460.0000000000018
241.50000000000364
-402.5000000000018
69.0
276.0
-115.0
517.5
-161.00000000000182
494.5000000000018
-11.500000000001819
138.0
-275.9999999999982
-46.00000000000182
34.5
92.00000000000182
34.5
425.4999999999982
-34.5
230.0
-529.0
299.0
57.5
138.00000000000364
80.5
103.49999999999636
-345.0
57.50000000000364
-69.00000000000364
230.0
-138.0
149.5
333.50000000000364
-218.50000000000364
276.0
-483.0
-391.0
414.00000000000364
287.49999999999636
-345.0
69.0
23.0
-471.49999999999636
-483.00000000000546
-264.4999999999982
379.4999999999982
-368.0
-206.99999999999818
333.5
356.4999999999982
-310.4999999999982
356.5
-437.0
736.0
-345.0000000000018
-183.99999999999636
-69.0
276.0
-241.5
-460.0000000000018
23.00000000000182
57.5
241.49999999999818
138.00000000000182
-11.500000000003638
46.00000000000364
138.0
528.9999999999982
-552.0
-276.0
