46.00000000000001
218.50000000000006
-195.50000000000006
287.5
-276.0
80.5
195.5
-506.0
161.0
-11.500000000000002
57.5
483.0000000000001
448.5
344.9999999999999
-344.9999999999999
517.4999999999999
391.0
-655.5
-655.4999999999999
241.4999999999999
299.0
230.00000000000023
206.99999999999977
-91.99999999999977
-356.5
-218.50000000000023
-172.5
-137.9999999999999
-632.5000000000001
172.50000000000003
-195.5
-23.000000000000014
92.00000000000001
-333.5
-23.0
-184.0000000000001
-299.0
11.500000000000114
34.5
-80.5
276.0
-126.5
-69.0
114.99999999999989
-356.4999999999999
-46.00000000000023
310.5000000000002
195.5
-23.0
-126.5
-80.49999999999989
57.499999999999886
160.9999999999999
-379.4999999999999
563.5
103.5
-149.5
253.0
253.0
-207.0
299.0
-92.0
253.0
-276.0
965.9999999999999
-68.99999999999989
57.500000000000114
80.49999999999989
115.0
-195.4999999999999
483.0000000000001
137.99999999999955
-333.4999999999998
402.5000000000002
-138.00000000000023
207.0
-172.5
241.50000000000023
0.0
-161.00000000000023
437.00000000000045
-230.00000000000045
-390.9999999999998
-333.5
379.4999999999998
-505.9999999999999
-103.5
356.5000000000001
-552.0000000000002
954.5000000000002
-460.0000000000002
310.5
-45.99999999999977
690.0000000000002
57.499999999999545
230.0
-506.0
-275.9999999999998
-172.5
241.5
45.99999999999977
276.0
-126.5
-11.499999999999773
-103.5
494.4999999999998
-471.5
345.0
-586.5000000000002
770.5000000000002
-206.99999999999955
-138.00000000000023
-23.000000000000455
23.000000000000455
138.00000000000023
448.5
252.99999999999955
793.5000000000005
-69.00000000000045
333.49999999999955
253.00000000000045
-724.5
172.50000000000045
-448.50000000000045
184.00000000000045
-586.5000000000005
644.0
184.00000000000045
-253.00000000000045
69.0
103.5
103.50000000000045
-80.5
-34.500000000000455
23.0
57.5
57.5
-241.49999999999955
160.99999999999955
-34.5
287.5
-69.00000000000045
-287.49999999999955
-632.4999999999995
22.999999999999545
115.0
276.0
-69.0
22.999999999999545
-172.4999999999991
34.499999999999545
149.50000000000045
436.99999999999955
149.5
57.500000000000455
298.99999999999955
46.0
-287.49999999999955
0.0
34.499999999999545
-68.99999999999955
160.99999999999955
241.5
-299.0
195.5
-195.5
-137.99999999999955
563.4999999999995
57.50000000000091
-264.5000000000009
-344.99999999999955
149.4999999999991
-701.4999999999995
69.0
-621.0
310.5
34.500000000000455
-437.00000000000045
115.0
23.0
-655.5
494.5
-299.00000000000045
506.00000000000045
-126.49999999999955
-230.00000000000045
-299.0
172.5
-46.0
-298.99999999999955
91.99999999999955
529.0
471.50000000000045
137.99999999999955
598.0000000000005
-69.0
-287.50000000000045
80.5
207.00000000000045
-471.50000000000045
