103.5
46.0
299.0
816.5000000000002
-57.50000000000023
138.00000000000023
11.5
-149.50000000000023
-183.9999999999999
-230.0000000000001
253.00000000000023
183.99999999999977
276.0
345.0
391.0
575.0
563.5
-46.0
-459.99999999999955
103.5
-80.50000000000045
298.99999999999955
126.50000000000045
-183.99999999999955
-345.00000000000045
644.0
-517.5
126.5
-356.49999999999955
218.49999999999955
322.0
-241.49999999999955
540.4999999999995
-816.4999999999995
459.99999999999955
-57.5
-310.49999999999955
-126.5
229.99999999999955
310.49999999999955
115.00000000000045
-80.5
-11.5
391.00000000000045
-437.0000000000009
414.00000000000045
425.5
-57.5
299.0
356.5000000000009
-149.5000000000009
149.5000000000009
252.9999999999991
517.5
494.5
540.4999999999991
-80.49999999999818
68.99999999999909
69.00000000000091
368.0
804.9999999999991
161.0
356.5000000000009
-448.5000000000009
552.0
437.0
-34.5
184.0
149.5
-34.49999999999818
22.99999999999818
138.0
391.0000000000018
172.49999999999818
-34.5
184.0
149.5
126.50000000000182
45.99999999999818
161.0
149.50000000000182
-207.00000000000182
851.0
-391.0
356.5
69.0
-529.0
793.5000000000018
-126.5
873.9999999999982
-344.9999999999982
-69.0
586.4999999999982
563.5
-379.5
-253.0
57.5
276.0
69.0
-275.9999999999982
68.99999999999818
322.0000000000018
253.0
287.4999999999982
138.00000000000182
126.5
-241.5
517.5
-333.5
632.4999999999982
218.5
207.0
299.0000000000018
34.5
-115.0
172.5
390.99999999999636
494.5000000000018
-345.0
126.50000000000182
184.0
-655.5
-115.0
-34.50000000000182
598.0000000000018
-310.5000000000018
413.9999999999982
333.5
253.00000000000364
275.9999999999982
69.0
207.00000000000364
-425.50000000000364
448.5
460.00000000000364
-333.50000000000364
276.0
575.0
138.0
-149.5
402.50000000000364
241.49999999999636
-345.0
345.0
241.50000000000364
-23.000000000003638
-299.0
471.5
-80.5
115.0
34.5
322.0
-126.5
-184.0
448.50000000000364
103.49999999999636
-230.0
379.5
310.5
322.00000000000364
22.999999999992724
126.50000000000728
816.4999999999964
-195.5
161.0
-391.0
-276.0
138.0
448.5
-149.5
69.0
241.5
-805.0
-321.99999999999636
-437.00000000000364
264.50000000000364
-46.0
-126.50000000000364
184.0
69.0
80.5
161.00000000000364
-253.00000000000364
724.5000000000036
149.49999999999636
-287.5
-115.0
287.5
-322.0
-149.49999999999636
57.49999999999636
345.00000000000364
137.99999999999636
-172.49999999999636
137.99999999999636
-137.99999999999636
22.999999999992724
115.00000000000364
-172.5
-471.5
