115.0
172.5
80.50000000000006
264.49999999999994
-126.49999999999994
160.99999999999994
-11.5
-195.5
-57.5
46.0
-207.0
195.5
575.0000000000001
391.0000000000001
586.4999999999998
92.00000000000045
68.99999999999955
-126.49999999999977
-414.00000000000045
115.00000000000023
322.0000000000002
310.4999999999998
517.5000000000005
-161.0
-356.50000000000045
-379.4999999999998
-506.0
-195.50000000000023
-943.0
218.5
-92.0
149.5
379.5000000000001
-494.50000000000006
137.99999999999994
-57.5
-414.0
23.00000000000003
-46.00000000000003
230.00000000000006
540.5
91.99999999999977
241.5000000000001
46.0
-655.5
57.500000000000114
310.4999999999998
-321.9999999999998
57.5
-57.5
-126.50000000000011
-103.5
-34.5
-34.5
253.0
448.5000000000002
184.0
-218.5
103.49999999999977
-483.0
368.0
46.00000000000023
528.9999999999995
-310.5
713.0000000000007
-310.5000000000002
0.0
322.0
344.9999999999998
207.0
414.00000000000045
-57.500000000000455
126.5
-207.0
57.5
218.5
-218.5
-92.0
276.00000000000045
-69.0
184.0
-690.0000000000005
310.50000000000045
137.99999999999955
149.5
103.49999999999955
-321.99999999999955
57.500000000000455
11.499999999999545
839.5
-195.5
57.5
11.5
115.0
333.5
460.0
-126.49999999999909
-448.50000000000045
-379.5
160.99999999999955
-115.0
184.0
0.0
-103.5
-160.99999999999955
-92.00000000000045
-310.50000000000045
379.5000000000009
-437.0
460.0
-391.0
218.5
195.5
-230.00000000000045
333.5
92.0
540.5
471.5
-885.5
586.5
414.0
-471.5
0.0
-459.99999999999955
621.0000000000005
-425.5000000000009
459.9999999999991
-45.99999999999909
-11.5
195.5
264.5000000000009
114.99999999999909
-80.5
57.50000000000091
-391.0
183.9999999999991
103.50000000000091
68.99999999999909
126.5
103.50000000000091
-103.50000000000091
460.0
-345.0
-345.0
57.50000000000091
229.9999999999991
172.5
356.5
195.5
345.0
11.49999999999909
126.50000000000091
529.0
-563.5
11.50000000000091
287.5
-184.0000000000009
-529.0
149.5000000000009
551.9999999999991
149.5
34.5
414.0
-356.5
69.00000000000091
-161.0000000000009
-379.5
276.0
-69.0
-195.4999999999991
402.4999999999991
57.5
-345.0
-390.9999999999991
-241.5000000000009
-195.5
115.00000000000091
-448.5000000000009
195.5
-195.5
34.5
-195.5
-161.0
345.0
368.0
-897.0
368.0
276.0
-46.0
-575.0
402.5000000000009
735.9999999999991
345.0
-229.9999999999991
471.4999999999991
-230.0
310.5
-161.0
-390.9999999999991
-299.0
