11.500000000000002
138.0
115.00000000000006
-11.500000000000028
-356.5
-494.5
333.49999999999994
-862.5
275.9999999999999
230.0000000000001
379.5
-218.5
299.0
471.5
57.50000000000006
390.99999999999994
-11.5
-230.0
115.0
-80.5
402.5
-137.9999999999999
149.4999999999999
-529.0
11.5
-149.5
-345.0
-207.00000000000003
-690.0000000000001
115.00000000000011
195.5
287.49999999999994
391.00000000000006
-356.5
11.5
-264.5
-161.0
-34.5
437.0
172.5
241.5
22.999999999999986
80.5
-184.0
-598.0000000000001
103.50000000000011
103.5
-149.5000000000001
103.50000000000006
57.5
-252.99999999999994
-276.0
-264.5
126.5
356.4999999999999
115.00000000000011
-368.0
80.49999999999989
-298.9999999999999
-138.0
379.4999999999999
425.5000000000001
-161.0
-310.5
161.0
-11.499999999999886
-23.000000000000114
-230.00000000000023
92.00000000000023
253.0
322.0
149.5
575.0
-11.5
460.0
-310.49999999999994
149.49999999999994
138.0
149.5000000000001
333.4999999999999
437.0000000000002
45.99999999999977
460.0
-172.49999999999955
-69.00000000000045
-69.00000000000023
-356.4999999999998
126.50000000000023
-80.50000000000023
1034.9999999999995
-103.49999999999909
-471.5000000000002
57.50000000000023
448.5
103.49999999999955
287.5
-160.99999999999955
-310.50000000000045
-494.4999999999998
563.4999999999998
299.0
207.00000000000045
0.0
69.0
-345.00000000000045
103.5
-448.5
57.5
-667.0
494.5
-195.49999999999955
241.4999999999991
552.0000000000005
230.0
-114.99999999999955
252.99999999999955
207.0
11.500000000000455
-529.0
-23.000000000000455
115.0
-747.5
-437.0
-11.5
678.5
-517.5000000000002
161.00000000000068
356.49999999999955
57.5
632.5000000000005
45.999999999999545
23.000000000000455
379.5
402.4999999999991
-103.49999999999909
160.99999999999955
598.0
-149.5
34.5
-23.0
115.00000000000091
183.9999999999991
-264.5
34.5
-276.0
-69.0
195.5000000000009
-184.0000000000009
11.50000000000091
275.9999999999991
-322.0
161.0
-46.0
-80.5
138.0
23.0
-126.5
-160.9999999999991
-172.50000000000045
183.99999999999955
-287.49999999999955
195.50000000000045
114.99999999999909
-114.99999999999909
138.0
11.5
-230.0
-218.5000000000009
-91.99999999999955
-149.50000000000045
207.00000000000045
-138.0
-517.5000000000005
-368.0
-264.5
253.00000000000045
-218.50000000000045
-80.5
241.50000000000045
68.99999999999955
-460.0
644.0
-839.4999999999995
218.49999999999955
-103.5
-747.5
-172.5
161.0
-310.4999999999998
-92.0
69.0
356.5
-115.0
57.5
-103.50000000000023
-69.0
-57.5
471.5
-138.0
-241.5
