159.154308120576
164.37698835251203
162.72772091084795
161.078453469184
159.42918602752002
158.05479649280005
157.50504067891188
156.405529051136
155.85577323724806
154.75626160947195
154.206505795584
153.38187207475198
153.1069941678079
153.10699416780835
151.7326046330877
151.1828488192
150.0833371914241
148.43406974976006
147.33455812198417
145.4104127733758
142.9365116108802
141.28724416921568
138.5384650997762
136.33944184422398
133.8655406817279
131.66651742617614
129.19261626368007
126.44383719424013
124.24481393868791
120.12164533452778
115.99847673036766
111.60043021926413
108.85165114982465
106.65262789427197
102.80433719705525
98.13141277900831
95.93238952345564
92.90873254707276
90.15995347763146
87.41117440819198
84.9372732456959
81.63873836236871
79.71459301375944
75.86630231654453
73.39240115404755
71.4682558054401
69.54411045683173
67.34508720127997
65.97069766656023
64.87118603878389
63.22191859711984
61.02289534156807
59.923383713792646
58.548994179072
56.624848830463634
55.250459295743894
53.60119185407984
52.77655813324782
52.501680226304416
51.40216859852808
50.57753487769605
49.478023249919715
48.103633715199976
47.27899999436795
45.90461045964821
45.35485464575959
44.53022092492847
44.53022092492756
43.430709297152134
42.056319762432395
41.50656394854377
41.23168604160037
39.85729650687972
39.58241859993632
39.032662786047695
38.20802906521567
37.93315115827227
36.009005809663904
35.7341279027205
35.18437208883188
34.634616274944165
34.634616274943255
33.80998255411214
33.260226740224425
32.16071511244809
30.78632557772744
30.236569763840635
29.961691856895413
29.961691856896323
29.4119360430077
28.03754650828796
28.03754650828796
27.762668601344558
27.76266860134365
27.487790694400246
27.212912787455934
26.938034880511623
26.938034880512532
26.113401159679597
26.113401159680507
26.38827906662391
25.838523252736195
25.563645345791883
25.838523252736195
25.28876743884757
25.28876743884757
25.01388953190508
24.189255811070325
23.63949999718534
22.814866276352404
22.814866276350585
22.539988369408093
22.26511046246378
21.440476741632665
21.715354648575158
21.99023255552129
21.440476741630846
21.440476741632665
21.165598834688353
20.89072092774404
21.165598834688353
20.89072092774404
20.61584302079973
20.61584302079973
20.340965113855418
20.61584302079973
19.791209299968614
19.791209299968614
20.066087206911106
19.516331393024302
18.96657557913568
19.24145348607999
18.96657557913568
19.516331393024302
18.96657557913568
18.966575579137498
19.24145348607999
19.24145348607999
18.691697672191367
18.691697672191367
18.96657557913568
18.691697672193186
18.691697672191367
18.691697672191367
18.966575579137498
18.416819765247055
18.416819765248874
18.416819765247055
18.416819765248874
18.416819765247055
18.416819765248874
18.141941858302744
17.86706395136025
17.86706395136025
17.59218604441594
17.86706395136025
17.317308137471628
17.59218604441594
17.59218604441594
17.59218604441594
17.59218604441594
17.317308137473447
17.59218604441594
17.317308137471628
17.042430230527316
17.59218604441594
17.042430230529135
17.317308137471628
17.59218604441594
17.042430230527316
17.317308137471628
17.317308137473447
17.042430230527316
17.59218604441594
17.042430230527316
17.317308137473447
17.317308137471628
17.317308137471628
17.317308137471628
17.317308137471628
17.042430230529135
17.317308137471628
17.042430230527316
17.317308137473447
17.317308137471628
17.317308137471628
17.042430230527316
17.042430230529135
17.042430230527316
17.317308137471628
16.767552323584823
16.767552323583004
17.042430230529135
17.042430230527316
17.317308137471628
17.042430230529135
16.767552323583004
17.042430230529135
17.042430230527316
17.317308137471628
