47.553877901312
48.103633715200004
47.00412208742401
46.45436627353598
45.90461045964801
44.53022092492802
44.25534301798399
43.15583139020799
42.33119766937597
41.23168604160003
41.506563948544
40.132174413823975
39.58241859993598
39.032662786048036
37.65827325132807
37.1085174374399
36.00900580966402
34.90949418188802
33.809982554112025
32.98534883328
32.435593019391945
31.336081391616062
29.961691856895982
29.137058136063956
28.862180229119986
28.312424415232044
26.938034880511964
25.288767438848026
24.189255811071916
23.91437790412806
22.539988369408093
21.440476741631983
20.615843020799957
19.79120929996793
18.966575579136133
18.69169767219205
17.317308137471855
16.76755232358414
15.393162788863947
14.568529068031921
14.293651161088064
14.01877325414398
13.743895347199896
12.919261626368097
12.644383719424013
12.369505812479929
11.819749998591988
10.170482556928164
9.895604649983852
8.79609302220797
8.246337208320028
7.421703487488003
7.696581394432087
7.1468255805439185
7.146825580544146
7.1468255805439185
6.597069766655977
6.047313952768036
5.772436045823952
5.497558138880095
5.497558138879867
5.497558138880095
4.947802324991926
5.22268023193601
4.398046511103985
4.398046511103985
4.398046511103985
4.672924418048069
4.1231686041599005
4.398046511103985
4.123168604160128
4.398046511103985
3.8482906972160436
3.8482906972160436
3.848290697215816
3.2985348833281023
3.023656976384018
3.023656976384018
3.298534883327875
3.023656976384018
2.748779069440161
3.0236569763837906
3.023656976384018
3.2985348833281023
3.023656976384018
2.7487790694399337
3.023656976384018
3.2985348833281023
3.298534883327875
3.2985348833281023
3.023656976384018
3.5734127902719592
3.023656976384018
3.298534883327875
3.2985348833281023
3.298534883327875
3.2985348833281023
3.2985348833281023
3.298534883327875
3.5734127902719592
3.8482906972160436
4.1231686041599005
3.5734127902721866
4.1231686041599005
4.123168604160128
4.1231686041599005
4.398046511103985
4.1231686041599005
4.672924418048069
4.398046511103985
4.9478023249921534
4.398046511103985
4.672924418047842
4.672924418048069
4.947802324991926
4.9478023249921534
4.398046511103985
4.947802324991926
4.947802324991926
4.672924418048069
4.947802324991926
4.9478023249921534
4.672924418047842
4.9478023249921534
4.672924418047842
4.9478023249921534
4.672924418047842
4.672924418048069
4.672924418048069
4.672924418048069
4.398046511103985
4.947802324991926
4.398046511103985
4.398046511103985
4.123168604160128
4.398046511103985
4.398046511103985
4.398046511103985
4.398046511103985
4.398046511103985
4.672924418048069
4.672924418047842
4.672924418048069
4.398046511103985
4.672924418048069
4.398046511103985
4.398046511103985
4.398046511103985
4.398046511103985
4.398046511103985
4.672924418048069
4.398046511103985
3.8482906972160436
4.398046511103985
4.398046511103985
4.672924418047842
4.398046511104212
4.947802324991926
4.672924418048069
4.672924418047842
4.672924418048069
4.672924418048069
4.947802324991926
4.398046511103985
4.672924418048069
4.947802324991926
4.947802324991926
4.9478023249921534
5.22268023193601
4.947802324991926
5.22268023193601
5.22268023193601
5.22268023193601
5.22268023193601
5.22268023193601
5.497558138879867
5.22268023193601
5.22268023193601
5.22268023193601
5.22268023193601
4.947802324991926
5.497558138880095
5.497558138880095
5.22268023193601
5.497558138879867
5.22268023193601
5.497558138880095
4.947802324991926
5.497558138879867
4.9478023249921534
4.9478023249921534
4.947802324991699
4.9478023249921534
4.9478023249921534
5.22268023193601
4.947802324991699
4.6729244180482965
4.947802324991699
4.6729244180482965
5.22268023193601
