306.48875
338.375
337.54999999999995
338.9237499999999
340.0250000000001
342.2249999999999
346.33749999999986
351.3000000000002
358.1624999999999
360.9124999999999
366.9625000000001
376.03750000000036
393.34999999999945
411.21250000000055
427.4375
431.28749999999945
444.1999999999998
457.6750000000002
473.33750000000055
493.96249999999964
457.9375
420.0124999999998
399.6750000000011
376.3124999999982
336.72500000000036
329.5750000000007
301.8125
258.66250000000036
233.64999999999964
219.35000000000036
206.4375
184.98749999999927
179.77499999999964
174.5500000000011
169.3249999999989
164.375
160.52499999999964
159.70000000000073
161.35000000000036
178.125
152.875
147.875
144.875
143.125
144.125
147.875
146.75
145.625
147.125
154.25
157.5
143.5
134.375
181.375
123.125
127.625
129.75
134.375
146.25
135.25
123.375
126.75
131.125
134.125
135.0
134.375
152.0
136.875
139.625
140.25
134.875
137.75
142.125
133.0
132.875
114.25
113.25
114.375
109.75
108.75
108.125
105.75
105.875
105.5
106.375
107.25
107.125
107.875
109.875
105.875
102.75
109.375
110.5
103.375
103.875
103.125
115.75
106.875
104.5
103.875
104.75
101.375
100.125
101.375
92.375
89.125
94.25
101.75
102.75
107.75
97.875
98.125
103.625
105.25
109.75
111.0
113.25
116.0
117.125
106.125
103.875
99.5
100.375
103.625
105.75
104.25
98.375
91.5
41.5
76.75
78.0
76.75
76.875
77.0
78.125
76.875
80.875
81.625
79.5
80.0
79.375
80.25
79.5
78.875
79.75
78.0
72.875
72.875
74.125
75.375
75.875
76.625
97.625
76.375
75.375
75.875
74.125
74.5
74.0
75.25
73.75
73.125
91.0
73.125
70.625
90.125
70.125
70.625
70.875
114.875
32.5
67.625
71.125
70.75
66.125
69.0
66.625
67.0
67.875
68.5
68.125
69.625
68.625
68.0
68.875
68.0
69.0
68.625
69.0
68.5
67.375
66.75
65.75
67.0
66.75
67.375
111.125
22.5
110.0
22.75
