77.24074999999999
84.66175000000001
82.73874999999998
82.18875
81.36374999999998
80.26375000000002
80.53999999999996
80.53875000000005
81.08875
81.91374999999994
83.56375000000003
85.21125000000006
87.41124999999988
90.71000000000004
97.30250000000001
97.58750000000009
98.94999999999982
101.71250000000009
106.375
110.22499999999991
114.35000000000014
117.64999999999986
130.28750000000014
125.625
123.96250000000009
117.09999999999991
101.16249999999991
100.05000000000018
105.27499999999964
108.85000000000036
106.9375
102.79999999999973
95.66249999999991
90.42500000000018
87.6875
83.83750000000009
76.69999999999982
64.86250000000018
64.59999999999991
60.19999999999982
62.40000000000009
65.96250000000009
67.34999999999991
67.88750000000027
68.44999999999982
64.04999999999973
65.96250000000055
69.0
83.01249999999982
78.0625
75.86250000000018
72.84999999999945
72.28750000000036
79.4375
76.97499999999945
73.66250000000036
71.75
69.53750000000036
67.07499999999982
64.86250000000018
62.399999999999636
60.475000000000364
59.375
57.17499999999927
56.07500000000073
54.69999999999982
55.25
53.599999999999454
52.225000000000364
51.399999999999636
50.3125
49.475000000000364
48.649999999999636
47.55000000000018
45.63749999999982
44.25
43.712500000000546
43.149999999999636
42.61250000000018
41.774999999999636
41.23750000000018
41.225000000000364
40.13749999999982
39.57499999999982
39.037500000000364
38.212499999999636
37.92500000000018
37.11250000000018
37.11250000000018
36.82499999999982
36.287499999999454
36.287500000000364
59.375
36.274999999999636
36.837500000000546
35.462499999999636
34.36250000000018
34.350000000000364
34.63749999999982
33.537499999999454
32.712500000000546
30.512499999999818
29.137499999999818
27.487500000000182
26.662500000000364
26.112499999999272
25.012500000000728
24.462499999999636
22.8125
18.425000000000182
21.987500000000182
22.537499999999454
21.987500000000182
21.987500000000182
21.724999999999454
21.162500000000364
20.887499999999818
21.4375
21.175000000000182
21.162500000000364
21.4375
21.712499999999636
21.449999999999818
20.887499999999818
20.887500000000728
20.337499999999636
20.899999999999636
20.612500000000182
21.4375
20.612500000000182
-15.662500000000364
18.962500000000546
18.699999999999818
17.862500000000182
17.587499999999636
17.875
17.587500000000546
17.599999999999454
17.3125
17.3125
44.26249999999982
16.212500000000546
15.399999999999636
15.662500000000364
15.399999999999636
15.112500000000182
15.112500000000182
15.399999999999636
14.837500000000546
15.125
14.5625
15.125
14.287499999999454
14.574999999999818
14.012500000000728
15.125
14.287499999999454
14.025000000000546
14.5625
15.125
14.837499999999636
14.850000000000364
14.837499999999636
14.574999999999818
14.287500000000364
14.024999999999636
14.012500000000728
14.024999999999636
14.287500000000364
13.75
13.462499999999636
13.75
13.462499999999636
13.475000000000364
13.462499999999636
13.475000000000364
12.912500000000364
14.299999999999272
13.1875
12.925000000001091
13.462499999999636
13.199999999998909
12.637500000000728
12.649999999999636
12.912500000000364
12.649999999999636
12.925000000001091
15.387499999998909
15.112500000001091
13.474999999998545
13.475000000000364
12.637500000000728
12.924999999999272
13.462499999999636
13.200000000000728
13.1875
13.475000000000364
13.462499999999636
14.850000000000364
15.662500000000364
