364.488104607744
375.48322088550395
371.90980809523217
370.53541856051197
368.0615173980159
366.68712786329615
365.8624941424637
364.2132267008001
363.38859297996805
361.1895697244163
360.3649360035838
358.1659127480316
356.24176739942413
355.6920115855364
353.76786623692806
352.6683546091517
351.8437208883197
350.46933135359996
349.3698197258245
347.9954301911039
346.0712848424964
344.42201740083146
342.4978720522249
341.3983604244477
339.4742150758393
337.8249476341771
334.25153484390285
331.2278778675209
329.8534883327993
328.4790987980796
325.7303197286401
323.80617438003173
321.8820290314252
319.4081278689282
317.48398252031984
314.73520345087854
312.2613022883852
309.7874011258882
306.7637441495026
304.01496508006494
300.99130810367933
297.69277322035305
295.4937499648004
292.7449708953591
289.7213139189753
285.3232674078736
282.02473252454365
279.00107554815986
276.2522964787204
271.0296162467839
264.1576685731852
257.28572089958107
253.7123081093123
250.13889531903988
243.26694764543936
238.31914532044902
232.27183136768144
227.8737848565761
222.6511046246378
218.2530581135361
214.1298895093787
209.1820871843811
207.8076976496668
202.8598953246692
197.6372150927382
194.33868020940645
192.1396569538556
189.94063369830474
189.3908778844161
186.91697672192095
184.44307555942214
181.419418583042
177.29624997888095
175.37210463027077
173.1730813747199
171.24893602611337
170.6991802122211
168.7750348636182
167.95040114278163
166.02625579417872
164.1021104455649
161.35333137612906
159.7040639344632
156.9552848650237
154.48138370252855
152.557238353922
151.45772672614476
150.3582150983675
148.70894765670164
146.78480230809873
145.41041277337354
144.03602323865562
142.11187789004907
140.7374883553275
138.53846509977666
135.51480812339287
132.76602905394975
132.21627324006477
131.94139533312045
130.8418837053432
131.11676161228752
129.4674941706253
127.81822672895942
126.71871510118581
123.14530231090976
122.32066859008046
119.57188952064098
116.54823254425719
114.07433138175838
111.60043021926322
110.77579649843392
109.40140696371236
107.47726161510218
105.82799417343995
106.9275058012172
106.37774998732857
105.55311626649564
104.45360463871839
103.07921510400047
101.4299476623346
100.6053139415053
100.33043603456099
99.50580231372805
99.50580231372805
99.23092440678374
98.95604649983943
97.85653487206582
96.48214533734063
96.48214533734426
95.65751161651497
94.00824417484546
93.18361045401616
91.25946510540962
90.43483138457668
89.33531975679944
88.23580812902219
87.13629650124858
84.93727324569772
83.83776161792048
83.01312789708754
81.9136162693103
81.36386045542531
80.26434882764806
79.16483719987082
78.06532557209721
77.51556975820858
76.96581394431996
76.14118022348703
75.04166859570978
73.94215696793617
73.66727906099186
73.39240115405119
73.11752324710324
72.56776743321461
72.01801161932963
71.19337789849669
70.09386627071945
70.09386627071945
69.54411045683082
69.81898836377513
69.26923254989015
68.1697209221129
68.44459882905358
68.1697209221129
67.89484301516859
67.34508720127997
67.07020929433565
66.79533138739134
66.79533138739134
65.97069766656205
65.6958197596141
65.42094185267342
65.14606394572911
64.87118603878116
64.59630813184049
64.32143022489618
63.77167441100755
63.77167441100755
62.947040690178255
62.12240696934168
61.297773248512385
61.5726511554567
61.297773248512385
61.022895341564436
61.29777324851602
60.198261620738776
59.098749992954254
57.72436045823997
57.72436045823997
57.17460464435135
55.800215109637065
55.250459295741166
55.25045929574844
54.70070348185254
54.150947667971195
53.326313947130984
52.501680226305325
52.77655813324964
51.9519244124167
51.9519244124167
