59.09874999296
61.572651155456
60.74801743462399
60.74801743462402
60.19826162073602
59.64850580684799
59.373627899903965
58.548994179072
58.548994179072054
57.72436045823997
57.72436045823997
56.624848830463975
55.80021510963206
55.52533720268798
53.87606976102404
52.77655813324793
51.67704650547205
50.85241278463991
50.02777906380811
49.20314534297586
47.82875580825612
47.27899999436795
45.904610459647984
45.07997673881596
44.25534301798416
42.880953483263966
41.781441855487856
40.13217441382403
39.307540692992006
38.48290697215998
36.28388371660799
34.35973836800008
32.98534883328011
30.786325577727894
28.03754650828796
25.01388953190417
22.26511046246378
20.066087206912016
18.141941858304108
17.042430230527998
16.492674416640057
14.843406974976006
13.469017440255811
11.269994184704046
10.44536046387202
8.79609302220797
8.246337208320028
7.146825580544146
7.1468255805439185
6.597069766655977
6.047313952768036
5.497558138879867
5.22268023193601
4.672924418048069
4.398046511103985
4.398046511103985
3.8482906972160436
3.5734127902719592
3.5734127902719592
3.023656976384018
3.5734127902719592
3.023656976384018
3.023656976384018
3.023656976384018
2.748779069440161
2.4739011624958493
2.748779069440161
3.0236569763837906
2.4739011624960767
2.4739011624960767
2.4739011624958493
2.4739011624960767
2.1990232555519924
2.4739011624960767
2.7487790694399337
2.4739011624960767
2.1990232555519924
2.1990232555519924
2.4739011624958493
1.9241453486081355
1.924145348607908
1.9241453486081355
1.6492674416638238
2.1990232555519924
1.9241453486081355
1.924145348607908
1.6492674416640511
1.924145348607908
1.9241453486081355
2.199023255551765
1.9241453486083628
1.924145348607908
1.924145348607908
1.924145348607908
1.924145348607908
1.9241453486083628
1.924145348607908
2.199023255551765
1.9241453486083628
1.924145348607908
1.924145348607908
1.924145348607908
1.6492674416640511
2.19902325555222
1.6492674416635964
1.9241453486083628
1.924145348607908
1.6492674416640511
1.6492674416640511
1.924145348607908
1.6492674416640511
1.6492674416640511
1.924145348607908
1.6492674416640511
1.924145348607908
1.6492674416640511
1.6492674416640511
1.924145348607908
1.924145348607908
1.6492674416640511
1.924145348607908
1.924145348607908
1.3743895347201942
1.924145348607908
1.3743895347201942
1.924145348607908
1.6492674416640511
1.3743895347197395
1.9241453486083628
1.6492674416640511
1.6492674416635964
1.9241453486083628
1.6492674416635964
1.6492674416640511
1.6492674416640511
1.3743895347201942
1.924145348607908
1.6492674416640511
1.6492674416640511
1.6492674416640511
1.6492674416640511
1.924145348607908
1.6492674416640511
1.3743895347197395
1.924145348607908
1.6492674416640511
1.6492674416640511
1.924145348607908
1.9241453486083628
1.6492674416640511
1.924145348607908
2.199023255551765
1.924145348607908
1.9241453486083628
1.924145348607908
1.924145348607908
1.924145348607908
1.924145348607908
1.9241453486083628
1.924145348607908
2.199023255551765
1.6492674416640511
2.19902325555222
1.924145348607908
1.924145348607908
2.19902325555222
2.199023255551765
1.924145348607908
2.19902325555222
1.924145348607908
1.924145348607908
2.19902325555222
1.6492674416640511
1.924145348607908
1.924145348607908
1.924145348607908
1.9241453486083628
1.924145348607908
1.924145348607908
2.199023255551765
1.6492674416640511
2.19902325555222
1.6492674416640511
1.924145348607908
1.924145348607908
2.19902325555222
1.924145348607908
1.6492674416640511
2.199023255551765
1.6492674416640511
1.924145348607908
1.6492674416640511
1.924145348607908
1.6492674416640511
2.19902325555222
1.924145348607908
1.6492674416640511
2.199023255551765
1.6492674416640511
2.19902325555222
