329.303732518912
342.772749959168
341.398360424448
340.298848796672
339.1993371688959
338.09982554112
337.55006972723186
336.7254360064003
336.1756801925121
335.35104647167964
335.07616856473624
333.9766569369599
333.4269011230722
333.1520232161274
331.7776336814086
331.22787786751996
330.95299996057565
329.8534883328002
329.5786104258559
329.3037325189125
328.20422089113526
327.65446507724846
326.8298313564155
326.5549534494721
326.0051976355844
325.1805639147515
324.35593019392036
323.5312964730874
322.7066627522563
322.431784845312
320.50763949670363
318.8583720550414
316.9342267064312
312.811058102272
309.5125232189439
300.4415522897925
290.5459476398082
283.948877873152
277.0769301995515
268.83059299123124
255.36157555097634
245.74084880793635
227.8737848565761
211.6559883468799
189.66575579136043
164.10211044556672
144.58577905254424
131.11676161228934
114.07433138175838
105.27823835955314
97.58165696511969
91.53434301235211
87.68605231513538
83.01312789708936
77.51556975820677
76.14118022348885
71.46825580543918
67.34508720127997
63.49679650406506
59.92338371379083
57.72436045823997
56.07509301657592
54.42582557491187
52.22680231936101
51.12729069158377
50.02777906380834
49.203145342975404
47.828755808255664
46.454366273535925
45.62973255270481
45.3548546457605
44.805098831871874
42.33119766937489
40.95680813465697
40.13217441382403
39.58241859993541
38.48290697215998
38.20802906521567
37.658273251327046
36.83363953049775
37.383395344382734
37.38339534438637
36.5587616235498
36.009005809664814
34.08486046105463
32.98534883328102
32.4355930193924
31.610959298559465
29.961691856897232
30.236569763837906
29.68681394995292
30.236569763841544
29.686813949949283
30.511447670785856
29.68681394995292
29.961691856893594
29.68681394995292
29.68681394995292
28.862180229119986
28.862180229119986
28.587302322175674
28.587302322175674
28.312424415231362
27.762668601346377
27.487790694398427
27.487790694398427
27.212912787457753
26.93803488051344
26.938034880509804
26.93803488051344
27.487790694398427
27.212912787457753
26.938034880509804
26.66315697356913
26.66315697356913
26.38827906662118
26.38827906662482
26.38827906662482
25.838523252736195
25.28876743884757
25.563645345791883
25.01388953190326
24.464133718018275
24.73901162495895
24.189255811070325
25.28876743885121
26.38827906662118
26.38827906662482
26.93803488051344
26.938034880509804
26.66315697356913
26.38827906662482
26.38827906662482
26.663156973565492
26.38827906662482
26.113401159680507
26.66315697356913
25.838523252732557
26.113401159680507
26.113401159680507
26.113401159680507
25.838523252736195
25.563645345791883
25.563645345791883
26.113401159680507
26.113401159680507
26.113401159680507
26.38827906662118
26.113401159680507
25.838523252736195
25.563645345791883
25.563645345791883
25.28876743884757
25.563645345791883
25.563645345791883
25.28876743885121
25.563645345791883
25.563645345791883
25.563645345791883
25.28876743884757
25.28876743884757
25.838523252736195
25.563645345791883
25.28876743884757
25.01388953190326
25.01388953190326
25.013889531906898
25.01388953190326
25.28876743884757
26.38827906662482
28.312424415231362
28.03754650828705
27.212912787457753
27.76266860134274
27.487790694398427
27.487790694402065
27.76266860134274
28.03754650829069
28.587302322175674
28.587302322175674
28.312424415231362
28.587302322175674
28.312424415231362
28.312424415231362
28.312424415231362
28.03754650829069
28.03754650828705
28.03754650828705
28.312424415231362
27.762668601346377
28.03754650828705
27.76266860134274
28.03754650829069
28.03754650828705
28.862180229119986
28.587302322175674
27.76266860134274
28.03754650829069
27.76266860134274
28.862180229119986
