328.47875
364.21375
362.5637499999999
362.01874999999995
362.5625
362.5625000000002
364.4874999999997
364.4875000000002
365.0374999999999
365.8625000000002
367.7874999999999
368.8874999999998
370.8125
373.27499999999964
375.7625000000007
379.0625
384.0
386.75
388.39999999999964
389.78750000000036
385.9249999999993
380.4250000000002
380.9875000000011
365.03749999999854
364.21249999999964
364.7625000000007
365.3125
359.53750000000036
355.1374999999989
354.60000000000036
344.4250000000011
338.375
334.7999999999993
337.0
378.28750000000036
337.0
333.625
340.625
343.0
339.25
338.625
337.25
339.25
345.5
345.75
348.875
352.375
354.375
356.125
347.0
341.625
359.25
344.375
344.25
351.0
353.5
353.75
350.5
349.0
339.75
332.875
326.0
332.125
336.125
340.875
329.625
325.125
326.875
329.5
332.375
364.0
329.5
364.0
316.875
307.375
304.75
347.0
321.5
324.375
328.5
330.375
332.125
335.625
339.125
340.625
350.5
386.75
360.875
374.125
365.25
333.75
339.5
344.375
350.5
360.375
371.625
392.75
362.0
370.0
354.125
361.125
379.125
397.375
391.75
378.25
356.0
345.25
343.0
348.0
349.375
352.625
359.25
367.25
369.25
358.125
334.25
326.5
335.125
346.875
349.125
349.375
347.125
360.125
384.5
381.25
369.75
366.375
365.125
375.5
381.75
392.25
392.25
393.625
392.5
388.125
356.875
311.875
315.625
324.375
332.625
336.125
339.5
330.375
341.625
320.5
314.5
325.5
319.125
321.375
351.25
310.375
310.25
317.5
326.0
324.125
316.875
310.125
314.375
321.625
325.75
329.875
313.375
326.0
333.125
337.0
330.75
323.75
301.875
302.875
306.75
313.875
343.375
299.375
328.75
306.125
347.25
318.25
327.125
324.875
334.5
342.25
384.875
295.5
286.625
284.875
278.375
284.75
290.875
296.625
300.625
309.625
303.375
290.875
278.375
295.25
316.125
321.875
290.0
285.0
293.375
