471.965
524.1925000000001
523.6424999999999
523.3625
523.375
523.0875000000001
523.9249999999997
524.4625000000001
525.8374999999996
527.2250000000004
528.8625000000002
531.3374999999996
533.2624999999998
536.5625
539.3125
542.3249999999998
545.9125000000004
548.6625000000004
557.4499999999989
556.3500000000004
556.625
548.9375
560.2000000000007
529.375
478.0
423.375
377.375
330.375
276.875
194.625
158.25
154.25
158.0
149.625
145.875
145.75
144.625
146.125
150.375
154.5
155.375
141.5
124.75
119.625
116.5
119.625
124.0
128.375
132.125
137.25
120.125
121.75
113.75
93.25
93.75
98.875
105.25
110.5
104.5
98.375
99.875
97.25
86.625
88.25
92.875
99.0
99.125
98.5
98.875
99.0
95.125
90.375
91.625
95.0
97.125
96.75
98.375
92.625
87.375
91.25
94.375
97.25
98.75
93.375
82.25
82.125
86.375
77.25
65.875
69.625
74.75
78.875
81.875
83.625
85.25
101.625
97.625
83.25
79.5
73.875
71.75
71.25
71.125
72.0
73.125
75.125
75.875
78.25
81.125
79.75
61.0
67.375
59.375
57.625
45.75
51.625
55.0
55.25
51.375
55.5
58.625
60.75
62.125
62.625
62.625
62.75
64.0
64.375
60.125
58.625
57.625
57.25
57.375
58.375
58.25
58.5
58.625
58.0
59.375
61.0
61.5
63.0
63.5
65.375
66.5
68.25
50.0
57.125
57.5
58.5
60.5
63.75
65.75
67.375
68.125
69.0
65.375
54.5
54.375
56.875
58.875
59.875
60.5
62.125
63.0
63.5
64.875
65.875
68.0
68.625
69.0
70.625
73.125
69.625
69.5
71.75
62.625
61.375
62.875
64.375
65.625
67.375
67.625
69.25
72.0
57.25
56.375
58.75
56.375
57.5
61.25
56.625
43.375
43.5
45.625
47.875
49.125
50.0
51.5
52.5
