49.478
53.32637499999999
51.40187499999999
50.0275
48.37875
46.72999999999999
45.90375
44.53000000000003
43.70625000000001
42.60624999999999
42.05624999999998
41.50625000000002
40.682500000000005
40.68124999999998
40.40750000000003
39.85749999999996
39.85749999999996
39.307500000000005
38.75750000000005
39.03250000000003
38.757499999999936
39.03250000000003
39.58249999999998
38.75750000000005
38.20875000000001
37.383749999999964
36.83375000000001
36.008749999999964
35.18374999999992
34.62875000000008
33.8125
33.53749999999991
32.162500000000136
31.887500000000045
31.337499999999864
30.787500000000136
30.512499999999818
23.362500000000182
13.737499999999955
9.625
7.974999999999909
7.1375000000000455
6.599999999999909
6.875
6.050000000000182
6.037499999999909
5.775000000000091
6.0499999999999545
6.599999999999909
4.6749999999999545
5.212500000000091
5.5
5.5
5.5
4.6749999999999545
4.400000000000091
4.3875000000000455
4.399999999999864
4.125
4.400000000000091
4.399999999999864
4.675000000000182
4.387499999999818
4.125
4.125
3.8500000000001364
3.849999999999909
4.125
4.6749999999999545
4.662500000000136
4.6749999999999545
4.9500000000000455
4.9500000000000455
4.399999999999864
3.5750000000000455
4.1124999999999545
4.125
3.8500000000001364
4.125
3.849999999999909
3.025000000000091
3.574999999999818
3.300000000000182
3.287499999999909
3.2999999999999545
3.2999999999999545
3.8500000000001364
3.2999999999999545
3.849999999999909
3.300000000000182
3.574999999999818
3.837500000000091
3.849999999999909
3.5750000000000455
4.400000000000091
3.0249999999998636
2.4750000000001364
3.0249999999998636
2.75
3.0125000000000455
2.75
2.4750000000001364
2.75
3.0249999999998636
2.75
3.025000000000091
2.474999999999909
3.025000000000091
3.0249999999998636
3.0125000000000455
3.2999999999999545
3.025000000000091
3.2999999999999545
3.025000000000091
3.5750000000000455
2.75
4.125
4.662499999999909
4.9500000000000455
5.224999999999909
4.400000000000091
4.9500000000000455
4.6749999999999545
4.9375
4.6749999999999545
5.5
5.224999999999909
4.9500000000000455
5.5
5.4874999999999545
5.5
5.5
5.5
5.5
6.037500000000136
6.0499999999999545
6.3250000000000455
5.224999999999909
6.587500000000091
6.0499999999999545
6.599999999999909
6.3250000000000455
6.3250000000000455
6.8624999999999545
6.3250000000000455
5.775000000000091
5.774999999999864
6.037500000000136
5.774999999999864
6.3250000000000455
6.0499999999999545
6.600000000000136
6.3125
6.600000000000136
6.049999999999727
6.599999999999909
7.137500000000273
6.599999999999909
6.599999999999909
7.700000000000273
7.137499999999818
6.875
7.150000000000091
7.424999999999727
7.6875
7.150000000000091
7.425000000000182
7.699999999999818
8.237500000000182
7.974999999999909
7.974999999999909
7.962500000000091
8.25
8.25
8.800000000000182
8.787499999999909
6.324999999999818
3.575000000000273
3.299999999999727
3.575000000000273
3.849999999999909
4.387499999999818
4.675000000000182
4.674999999999727
5.5
5.224999999999909
5.762500000000273
6.049999999999727
6.325000000000273
6.324999999999818
6.875
7.137500000000273
7.699999999999818
7.699999999999818
7.962500000000091
9.075000000000273
8.25
5.774999999999636
5.212500000000091
5.775000000000091
