473.96882566674
472.0564415548401
470.2478468501
467.59361585576016
466.0902990599002
464.67604823775946
462.0762891522004
460.7900448806595
460.44743551078045
459.69633331564
458.05258323155977
457.16197850024037
455.7701392093004
455.22269602219967
454.24491573269916
453.2877193980803
452.30762542036064
451.3472819902199
449.9973738424196
448.3771265286814
447.33946985111834
447.2173960543805
444.8839643639003
442.9270894232195
442.0321073075211
445.3543068332401
437.5026674674391
437.1524016620606
436.3063160831007
434.29926651959977
432.03505983351897
428.7265616525201
427.0188092517801
425.3171143191794
424.94980963816124
422.76340317435825
421.12947631530005
418.96044001867995
417.57112624412184
414.2434298660628
411.5411532300968
408.9464704129023
405.90927042423573
402.0299943610589
396.63972519958406
391.5471056170172
385.50804481769956
378.4497311390405
373.68082719180165
368.0278231400189
363.01212979860065
357.55554116889834
353.9404581541603
350.2132899239041
346.8579786855371
342.7012914992192
338.76857845549966
335.4768198157217
332.9519499647977
328.2794647987248
326.31458971697793
324.8806175816426
324.386289444079
323.171375087717
320.14815912344056
323.3854943503975
322.9485290449811
322.074150593322
320.2558308289408
325.33975190487763
314.41637811619876
314.81370583158423
314.39525382553984
314.7838728641582
316.20791135930267
316.6089100080753
315.3930787033605
315.94147177665945
311.7206981194431
312.9913723671016
311.5905023216583
310.8904689341398
311.5823422726389
314.1662116840016
312.70412281456083
312.0694604999153
311.77436380692234
309.4349746886437
306.72388028921705
305.9271512019186
305.67216433220165
302.33709533726505
303.7416351283755
302.8352674142152
302.66420047752763
303.68323194873665
302.16831106776226
298.39570381393423
298.79088902135845
295.40456576980796
293.30551761160314
292.7408090609533
293.3765603294596
292.0688236890637
295.7202342860983
295.43605038883834
291.4199352387004
289.899452733247
287.72512118157465
283.9756547742436
286.0972958094353
286.59980794775765
284.6403359487449
283.5741848062389
285.51639461341256
284.89457519059215
281.49115164095565
289.81925857022
274.29609586403967
275.56015588394075
273.574559257635
273.4363229482842
272.0700524657004
269.88519736294256
268.3354574061741
267.75029418412305
266.53752715559676
263.92576606928196
262.36878944127966
261.6727977112823
259.92087783922034
258.57944578205206
256.7755542424493
255.52232095596264
255.19074072501098
254.10242643384845
251.65147106190852
250.81308689312573
250.20850185282325
249.21457273293345
246.29191145904042
247.9304064290627
245.1034166143363
244.82289095908345
243.25704353146284
240.53772487207607
239.2555383447252
238.10602530578035
240.29647060361458
229.53324922078173
226.23558059161587
222.068273806668
220.62857308983075
216.13443419302348
215.50049659043725
213.67093347478658
213.38009408545622
210.7931833118855
206.4793870792564
207.33959429895913
194.51924621484068
191.4812041966361
185.70792882730893
183.02132450909266
179.32345762334444
177.66518682735477
176.2388057394419
174.4555110609217
171.71628842417704
175.0676223857081
165.32419694715645
165.27559889935947
164.08390615673852
163.3610182432967
161.84819196220633
161.6954345664999
159.01294934681937
157.1961574811794
157.99188256741763
155.71365812837757
154.75492210384255
152.71175859215873
153.56745445708657
151.4640219280118
150.28259671016713
149.58343620115193
149.75657994724315
147.8798172905008
147.45084325780044
145.91418661137868
146.06830915046157
144.09114970064547
142.44791933237138
142.2890579142404
140.81733837716456
139.86998986651452
138.89120070225908
138.57416600574652
136.73859140997956
136.0257749932207
