84.46597998244
83.15878726306
83.38816480393999
85.03520012844001
84.25288163272
83.45030792250003
83.12359519720002
81.58463607966007
82.54575636653988
82.01630309542008
79.48406990949991
79.89872361918015
77.83152387331984
80.18126813946014
76.7311869020798
75.6402692919603
75.96387749841983
75.69280552580017
74.36498254057983
72.86641192811999
71.7667138628401
72.63338671603992
70.91977542088011
69.90732235123983
69.2810232220802
68.42729022683989
67.25666842270016
69.35683730327992
69.35809082673995
68.20309437941978
67.9800912724404
68.39062235309984
67.51811503745967
67.04273670753992
67.65003040310012
65.35158544552041
64.40707117428019
64.26288425063967
68.92350470249994
65.54527157076018
64.54183205437994
66.1985892438197
66.19879452250007
64.69296168855999
64.81135349534043
65.22519646375986
65.01046222202012
64.47072905720006
65.42518069647986
65.30250655696
63.59407651365973
64.0443935444805
64.0844556386196
63.95228736268018
63.98791130459995
62.608983601399814
63.82135229660025
64.1821702452994
64.78093767986047
63.05031873616008
61.88619563262
62.677943818299354
62.34267194200038
62.88969739252025
59.637734297120005
61.30969569359968
61.30259481758003
61.04662399682093
60.09037068197904
60.44177616312027
60.038573422960326
59.728740326820116
59.62443161691954
59.93727442820091
60.70116636995954
60.106367668659004
59.3276100623807
59.90980172354011
59.39856077518016
60.92912171917942
59.38825554606046
58.8207849010405
59.634763715099325
59.957419871979255
58.63495412588145
58.156806395399144
59.04542584675983
59.56942729907951
59.48340988014115
59.042897276899566
58.33705920044031
56.122326790859915
57.37921171741982
57.60076176812072
57.39352217435953
59.74551162091939
59.458152901181165
59.61107851933957
59.94151888499982
58.51531528117994
56.597900852620114
55.19893477524056
55.127844438179636
57.03225432449926
59.05957701167972
59.384341923560896
59.073669868839715
59.65484323397959
57.39125318894003
56.17726281617979
56.70666183536105
57.06913922807962
55.936441351139365
56.45647387562076
59.28201234571952
59.81187320352001
60.07022689650057
59.79003002761965
58.01373539909946
58.65629390400045
57.78117063460013
57.39400657965962
57.37720379810071
57.57088379291963
57.34500363571988
58.61680567733947
59.44817470492035
57.37682128188135
58.01213915080007
59.41756667199843
59.83513427928119
59.57255423187962
59.25879024346068
59.82592898927942
59.89829857299992
61.20360633749988
58.191810044339945
57.03003750675998
57.411324184939076
57.06731611606119
56.81801522583919
55.83526054234062
54.78639412662051
53.761255631919994
55.90608642769985
56.410782776198175
55.37738484948204
55.48019634999946
52.69701560680005
54.958869146321376
53.49832879603855
54.0453699960417
53.805109915918365
53.436601873519976
53.373627115439376
52.60506041862209
52.982623451080144
53.6516155022382
53.4569222741593
53.160349164701984
52.3818152062795
52.52242447301796
53.65667245014083
53.17837715120004
50.71349080026084
52.0975507262192
51.76908333920073
50.811648084260014
52.54360375069882
55.286512843080345
51.41616896191954
51.79266930882113
50.96086458625905
51.35797267050111
51.86385749799956
53.09390391638044
50.709089415840936
49.21478053915962
50.33021438011929
49.77534484307944
48.551058326660495
47.45583109292056
47.90172799339962
47.2883009545385
47.1555820213398
48.108679881081116
46.630388020861574
46.970713681179404
46.643521696600146
46.6279457028395
47.50753935067951
45.542710075740615
46.09901556533987
45.89654682340006
44.8814075340797
44.28841069556074
44.172007331699206
44.453185274320276
44.760679367520424
44.613917027159914
