457.76414083462
456.33287620546014
455.0445810404799
454.04642622812025
453.26091044075974
452.6419795800998
452.4528102468407
452.3457266255796
451.9230609344404
452.42958769975985
451.77349035893985
452.6528718280997
453.10635018914036
454.10124827464006
454.41934709651923
454.45726766112057
454.75229469356054
454.64127027161976
455.5356390771394
454.6814411571395
454.31232377114065
454.9369635758794
453.9614458198412
453.31665775520014
453.59014863735865
453.1125857490424
452.0147403139799
451.4247503464194
450.0129221915595
447.17637990000003
446.03768192381904
441.4283968767213
436.52371133605993
428.91107788797854
419.8109406817821
408.4818904610802
391.9459982339995
371.0470840013004
347.5054799667996
323.5357323012613
305.9253721643363
292.40102176439905
280.790477642262
269.7202230310213
260.74549099124124
252.39459684877875
245.1951687194196
237.82404558868075
231.74146584720074
225.66827778219886
218.97185179006192
212.68862523001735
208.1283201466431
201.9013389577558
196.83441750428392
190.48658307115693
186.6081433160398
180.70929434668142
177.91651956380156
174.1780896231976
170.0425023093594
166.3033667908603
165.25490906627965
163.33773841380025
158.34922559653933
158.35920794338017
156.21930313212215
158.094078354261
149.9250452288179
150.36199868004041
147.76515043584004
145.70976926297953
142.7738315495808
140.50623294493926
140.12456986164034
136.33639644287905
134.82647358748
134.3722674990786
131.79471462234142
130.96453492752335
128.1478293498185
126.08251221375758
125.45954434848318
122.74269522807663
120.40687052606154
119.36497144652094
118.38530206627911
117.06861602100253
116.5293200838787
114.68620093151912
117.01212890282113
115.17941244621761
113.95120525734092
113.02957889928075
112.37259324096158
112.7054360210168
111.95234421732312
112.15611650541541
112.1710174583859
111.80287548351771
113.42869484257972
109.24499289172309
108.84085424015575
107.5146954093616
109.11206825434056
107.08860319386076
105.96678660679754
106.60898600993823
105.07788379866179
104.13946148038303
104.61396393625546
102.65126670612153
101.56519609944007
102.5030212411184
96.10423567896214
97.31952152119993
97.05388590861912
97.85223733587918
97.07003263312072
96.41031077289881
96.2359537335833
96.53846018891636
95.5629744438229
96.09434643887653
94.42802098540415
94.86025023937691
96.3396460719996
93.3868580986018
92.77104276366299
93.81333319141777
94.25666912423912
94.37188270959814
93.69112764654346
93.94532562131644
93.27264535364156
94.35531801851903
93.25564202082023
93.14623754730201
93.39058163943992
93.0920180883586
93.71833419704126
94.32892808118049
93.05220009644108
92.39387653501763
93.73331510812204
93.09979933382056
92.79385257389731
94.00577151376274
91.82923494105853
93.40113601514167
93.35932887741728
89.83841719654083
88.87767023691777
87.66365309952016
88.63322569872616
89.33267590191826
92.07399008137872
96.7824394035415
90.97732145741611
92.15343406030297
91.26679976699961
91.891979517437
89.30466519092442
89.25186550173385
88.23969026658597
91.3086696459577
94.00331256398204
93.32627713313559
95.12703983602114
95.68540814225707
94.44316882818384
95.29718510246312
95.77696281349927
96.29352378514159
96.49729252295947
98.03987060171494
96.76867291500093
96.78162434149999
97.97863127321762
98.4095668075679
98.95095855205
97.99555012152268
100.08273035424645
98.88980369336059
99.50370278605988
101.13320057513192
100.76166835842014
101.40026880114601
102.53917962437845
102.04187911999907
102.87192179323756
102.23831554016215
103.57659026035981
104.68131447010092
105.11800756729644
104.8432584324255
106.72273994997522
108.57760219946067
108.08559815624176
107.80864408818161
