70.7933131533
70.59916013082
70.28201874834002
70.06060762545997
69.83509474376001
69.72514419734
69.43304979461999
69.31008734826003
69.06550146540008
68.72877681525995
68.4991392487999
68.05182388818014
67.78030328583998
67.26790622684007
66.7007253022399
66.45580282357992
65.20705773363989
64.1265198294002
64.14344798902016
62.95542265803988
62.45875850155994
62.32006664085998
61.17288997044011
59.98965700869985
59.312620338620036
57.913422055540195
55.16827911437986
53.06464027026004
50.39487664360013
48.18205046941989
45.922233948819894
42.842111736440074
41.44198662097983
38.7596429423802
37.8007533509799
36.50996287368025
35.38413756924001
37.80662372837969
31.188362163979946
30.408338511660077
29.448435274839994
27.954592862080062
26.980491427179913
26.06130616308019
23.80659901152012
22.29124703694015
22.20139237113972
19.24786296100001
18.408887176999997
20.355775370480387
19.782201771139626
17.950550642340204
18.04633994937967
17.484953970460083
18.20187512177972
15.447859419100041
16.30585000828023
16.06099446283997
14.356604966620125
15.140258776100382
13.288044523519147
12.390452198080311
13.073015045959892
12.02996997946002
11.003881713099872
15.877685651480078
9.599960929260305
9.38181751114007
10.74522431846026
8.980368439559243
8.869214504160482
7.6043405473797065
8.44822371672035
9.93131434570023
8.75039212909951
7.512175534800008
7.640644704639726
8.20344496782036
8.740370455940138
8.737603623099858
7.380790106639779
6.252991987780206
7.780250466200414
7.438875662719511
5.804552630960188
8.635263375560044
8.769099552619991
7.686809778399947
7.931406594540022
6.814941314899897
4.007344042180193
1.736712821299534
1.8309543116001805
2.0897220777201255
3.0874508339402382
6.911319725540125
7.422154575779587
7.302962106339692
7.633181039499959
3.0956249456203295
0.24377812470038407
-0.6539663268804361
0.27054827274014315
3.189848182660171
7.9503326376598125
7.7206343350999305
6.826144801200371
7.7310762867996345
6.467276419439713
3.65581866526054
0.5137702417996479
0.462144554040151
1.058177760559829
2.922315530080141
6.021078379960272
6.2116305297995495
5.987735179220181
7.056381184620022
3.674526381800206
3.8888685140195776
4.119367994440381
3.323696555240076
2.987056883659534
3.5534128654198867
2.8957479711002634
2.4488619202002155
3.7978997341997456
4.659054327119975
3.233775104340566
3.8381131756996183
4.501614084039829
3.418954210839729
2.1378864931803037
2.3412854779398913
3.5095031836203816
3.1403967400997317
3.7920272435603692
2.9549560394198124
2.691013616460168
3.513123677099884
3.4188847710797745
3.3602945885600093
1.7409408952003105
1.867383094359866
2.3304080230800537
3.146457850979914
2.9952457893996325
3.7449692518403026
1.0850794184602819
-1.584318964979957
-2.4721452572002818
1.8338715225800115
-0.6304513936802323
-1.7671249029599494
2.449727745080054
3.781553019180137
0.8194279699200706
2.561575525619901
3.2013184537800043
-1.4593264663999435
-2.5467193021399908
-1.4242913667999346
-1.4830011083804493
1.6385627229606143
1.144381184179565
2.630300050020196
2.296287487200061
1.3745765273197321
3.3701402937804232
3.2225178063195017
2.591668896739975
1.7986520347403712
2.8409014838598523
2.1557017724599064
2.2895228946399584
2.812494194899955
2.3115364697200675
1.9571411675201489
1.539584981579992
2.059488860159945
1.839842817079898
1.506201049680385
4.876142268339663
1.331340034819732
1.3166146661601488
2.6657303333199707
2.0878018389998942
3.067003829800342
3.100070966600015
5.533924827900137
1.3381505961001494
1.9972836912797902
2.3421339879596417
1.6313226044799194
1.3525612079201892
1.8404824723802449
2.4632394662999104
2.713674101959896
1.9295313157003875
1.52900513889972
