249.51321602778
247.20463215270001
244.25678388332005
241.7651129794399
240.4764664531201
239.61430680573994
238.05064264944008
236.57996272293985
234.92974327705997
232.72763883486004
230.08921822774028
229.0943183165
226.5670873214599
226.59085106912016
223.52145343105985
220.79689249989997
218.09865162104006
218.39903193199962
216.38629912784108
218.2137181572789
211.8082117688009
211.67310028865904
207.97319464426073
206.34078881935966
205.71529330790054
208.5855228617993
197.3003758861205
196.7067905847798
196.0553792096798
190.94530047892022
186.8813533654402
181.41128052850036
176.59335216589898
179.20515772134058
168.89106776486005
165.70897004307972
163.07399502686076
166.8480617373989
155.83762999460032
153.26031634592073
151.8350215401788
150.33368575410168
150.8221478382584
142.3272584753213
140.6741430815
140.18439884348118
135.88177006443948
134.64402316923952
131.30377512997802
134.2052948521814
125.44543406881894
124.44986448544114
218.04891138358107
120.77302079659967
120.32326188193838
121.92287368262078
119.13767471333995
118.47983205202036
117.74337734432083
115.93135056899882
116.35587150545871
115.84886071572146
115.05485621439948
114.77636754908053
111.57954279205842
112.90750597240003
111.75622833160014
110.33144336548139
108.6307558121789
107.85800580774048
107.22243964278096
125.17858349319977
102.8808398523397
103.16583504148002
102.59957039179972
101.28171208344065
99.92887387961855
100.35802675020204
98.5436122698975
99.06590751828116
97.32985623494096
96.63023975461874
95.7527264811597
95.13437773716032
93.50601593188003
92.86388240580163
92.7186522610391
91.71718823996162
93.50019726997743
92.59634463756083
92.13422457530032
88.82717576552022
84.99959106614006
83.16864197462019
83.22816280383995
85.43202839146034
85.57222050995915
86.56795757612053
86.82605141142085
148.5966212876374
80.75283228078115
78.58980701529981
75.81728245775957
76.43763435824076
80.25153881769984
80.05805939805941
82.54039188747993
82.56900246700025
80.56260190139983
78.76155926966021
78.10356531664183
73.28668003531857
72.6256391122206
72.31009311461821
76.38435189860138
76.00259745884068
76.14404442237719
76.03817562202312
73.3982735057798
71.7674580508392
70.73815990217918
70.09783586062258
69.62889388473559
68.26696649216319
68.37504301744048
67.79096298129662
67.67114660466177
65.58118437704252
65.96940717717735
67.69207556782203
65.14160843132049
63.83880980903996
62.81136355413764
63.39660630330036
63.4304975945015
62.65186287905817
61.85828138315992
61.89918432648119
61.1798403408975
61.365469934604334
61.3061475903196
60.46533606269804
214.10327666984085
57.31708339752004
58.06240885331863
58.29140016348174
57.2850664434809
57.64805029481795
55.39788360775856
56.47608024678266
55.6957171139984
51.116371633801464
51.328788391860144
50.68851128225651
51.40395311497923
54.16214622348343
56.25243744310137
54.60865870975613
54.01746565774374
53.4378379073205
53.20889416529826
53.50717193677701
52.969716721861914
51.98472117504207
51.941743943138135
52.73122406431867
51.66381846318109
50.91457381106011
51.110320400963246
51.123769540095964
50.79017644760097
50.436096299679775
50.18305986078121
49.965159304720146
49.47823145810253
51.22788818765548
49.94228365560048
49.73591401521844
52.05390584480119
50.40031519278273
50.42443681169971
48.48628773501696
49.99188629510172
49.4563782146397
48.646037817503384
49.18652344203656
48.399139342596754
48.71857239816018
48.97261960564356
48.637590865560924
48.401091649298905
46.955113625739614
49.13879305912269
47.74037810221853
46.95427890928113
46.55243564207922
46.93095998944045
48.12347786073951
47.20137510551649
46.02966665948043
