673.907249278538
805.5533079957032
933.9021055635926
620.1677560507705
388.47029788375403
1202.156998369021
519.5138030157368
1389.7226573747694
1085.4018069218027
1154.4490241813746
1135.3352916814256
945.8147134089031
1077.2960148014208
808.4404912039827
673.2326991280497
980.7706617158474
928.9000896981433
894.0006318308715
690.1391874155488
466.67249269142485
687.5730895826309
359.3295204744427
684.8534957902339
967.5261480811278
652.2101331411359
326.72876774262477
592.1613142430906
678.1376502720996
402.46402524739824
1163.2501815370342
990.3849692255753
1182.0682660400998
792.3567011159976
1469.8188353826008
625.3071829363034
786.1203275969528
274.63852130652594
864.1124696124534
874.1240670570769
589.5058699233414
587.0006743467602
534.2231493311483
629.2222222286218
181.17036597022525
605.2212571477721
458.2491258230948
366.82185437371663
269.7948220040562
554.671110840216
748.4038223776224
126.0086665536146
926.0612802154938
243.53310175202205
691.7533782300598
238.8029450430622
505.3225947381361
401.96282480408263
422.57810871722904
382.0577034825328
413.1782592963136
565.2821766882334
480.54048468952533
383.3977301109335
434.5185968482692
312.61343620439584
282.6128868076921
626.1092541158359
346.84654006606434
687.805633565149
520.086056710672
575.2254910281481
205.79743984969537
681.3732927856108
804.6389181593331
446.9482963180999
528.5136173247811
155.41176320242084
480.39476504932827
584.2084946085015
493.2216780120216
161.4495503926737
784.428041528925
235.6440073534759
489.40334255927155
292.945546537434
684.7251843995473
309.96135727247747
853.6515536989828
265.4928165907113
604.7012962856606
147.78343926723755
775.6075209179908
537.7262855545632
248.00553240298905
328.54263750148675
552.1491434336203
475.2850163060284
523.410979683169
497.1365836416953
530.6848419346061
311.5331520419568
143.01631145941064
424.1466202354277
411.8452472904901
533.9704677909031
148.19639356842526
436.88117925036204
585.6468732238209
590.2417518723523
612.9471850463233
540.6571175745921
549.1467699435088
486.10187366986065
508.1388311916671
254.96139589957602
379.9062718486821
616.1374159223633
461.10072889931325
139.97205829464656
553.1057226372068
607.6022489596508
460.9216661393002
111.10098115337314
710.2387570590654
370.6451945199515
210.51377351868723
558.2533384259295
638.321368685778
595.0157916862809
96.42151280336839
664.4763192679238
490.1491488907923
655.9457703887892
234.1377781216288
389.1153684839519
365.65289236548415
184.82720305604744
425.6933629129635
690.0403448800935
372.9297687802755
452.3997076204978
206.73108788070385
544.8125486390636
542.2975281254767
458.7065899177978
464.17729961023724
113.84537471496151
352.8376167371025
682.9415753977519
157.61885722448642
635.452444452385
557.2002661540027
388.6186117698526
508.4836294432316
400.748062559127
309.09116667356284
385.89132010295
129.68641559185926
386.76409874111414
529.9046857408248
460.06825921572454
596.86383542759
206.21164090838283
538.3404596926848
400.4605346307508
485.2532120461692
202.98970522430318
733.9240956967697
455.0644328948547
468.07151069055544
619.1777827533951
853.7780333574774
769.7514944686263
1774.6435371612752
885.0970658492733
910.2578984668799
586.4359746577684
344.80093200400006
219.98080615019717
809.5165891607467
810.665906617869
225.00860931156785
573.5800187484856
645.7735749291314
667.0234923802782
173.38053836020117
416.44901388004655
806.0368858024594
754.0546663368295
306.52518580661854
342.48286365401873
658.5916662790842
332.3741856706911
1071.5575884863356
488.5327726123214
615.5699511480052
263.1534100810968
498.71042018289154
772.6903608880239
