316.215125987328
177.13327770982397
94.97660749414399
97.85506012927999
76.93063848652798
38.63021515622404
65.27450078412801
77.69288349440001
21.072435202559973
20.805474150400073
93.803732968448
163.337452923392
100.34739159244805
24.97061383577602
49.69745662822379
75.329977209856
32.12917733324821
47.088834333695786
29.749576195071995
82.95512145100815
35.599409435647885
143.15875982643206
87.09688021504007
150.468246937088
29.779682997248074
75.07450518630367
-10.442673522175937
58.86007653222396
82.67136260352027
96.36586853171184
61.86777388953624
10.580141439999807
55.188919993343916
52.580053312512064
41.259484214272106
68.38659461887983
50.50522782771213
25.264018519039837
37.67467036364815
15.408378290176188
39.600129282047874
-28.645961991679997
5.270387502591802
56.39799534950407
37.23357680588788
35.02699633612838
54.35134970931176
37.24742461798405
-4.535670519296218
71.0446178872321
81.31705573529598
81.73073644800024
75.2574607836159
37.97088036915193
-37.017324764160094
12.317989656576174
16.18514035507178
63.354451343360324
101.99432020224003
18.856268427263785
48.76480845670403
5.372376858624193
52.970105156096
74.89256806655976
43.793799378944186
53.654360059903865
57.522601487360134
114.92374185574408
8.003329221631702
75.9812591324162
39.29967245721582
50.05120694016023
-13.763476789759807
53.74496401356737
66.43624741068834
42.41053119283151
2.6693130081284835
81.9086014873601
106.1154197734395
102.20123655372845
67.3619180098558
31.498874395136227
21.957786742784265
50.39642638540772
64.629223199232
90.33845459814347
92.76713387264044
43.63645543987241
21.119648511487867
17.34967225292803
62.28028905983956
61.29249526681633
19.818361750015356
58.92277786163231
-0.11028639795222261
-38.22804615679979
-14.612664088575912
-4.9041538616320395
31.441103271424254
25.419031041536073
-8.863175726080044
35.887665562623624
-10.332888113151967
-9.959162182655746
22.208080276991495
49.355707110400544
23.819616541183677
59.288027644416616
72.27957976678317
71.56384967014401
36.259715006975966
29.52667577344073
68.51530263705536
-4.05197555097584
31.588897835520584
-40.75024267878416
50.35665185433572
-28.196751982592104
40.71382278553574
22.651295527424736
78.81490544895951
44.095495874560584
98.25384799078347
45.89772147916847
4.040395975167485
21.039345905152004
56.30697063270418
8.18468061081603
33.785709270016014
-14.258616088575764
49.01746355148771
36.28568714598441
-2.2165118428165442
66.1361935319037
19.677830333952443
75.60502415615974
36.72884458342378
-8.245955389439587
46.29876418816002
60.62890637055989
28.75993236684826
20.62391411558383
37.20012517376017
76.14577388390353
77.1417039354883
49.749023017983745
31.55114966272049
17.26961719551946
-0.38987916083169694
24.198630865407722
86.46206039551998
72.70868004249587
78.62745573785651
52.236736342528275
42.34196718387193
36.67692732057549
65.66820421171269
-25.325363770368313
-17.597629478912495
-31.282754859007582
40.64906829004758
1.2508647649283375
37.938956141056224
67.07021621094373
96.76598967859172
71.60573570355245
-11.180686405120468
8.964396745728664
11.391826895871418
-30.65878861567944
40.40165481267195
21.683148082687694
38.549449164799626
-29.440455384575216
17.309700766207243
-45.50085442969521
28.648123675647184
15.307149556736476
44.69774110771232
100.13801578239963
10.813715187199705
33.463462119936594
36.042919492607325
30.000903530496544
3.456607566848106
-18.930674435072433
48.838176510976155
70.00380236646379
-38.2432456268798
-6.692489190912056
68.0129786839043
81.66229248716809
7.92723902412763
43.268430825472024
25.3786760975363
37.30996105830309
52.539174381568955
70.52887551078311
23.05484038656141
