31.775628888576
32.089734166016
18.721328752639998
39.287224566784005
20.762963827199997
25.616562656767996
57.22059301580799
30.58816184012801
-0.3746696345600071
11.417152194560003
2.743931798528024
38.210103732736
63.30323442022399
24.164500939263974
50.583377851392015
46.01412592588798
-7.162535676927973
122.47563354316799
4.817789666303952
-5.194325087743891
44.423145027071996
28.650785318399926
12.726200745983988
51.22676924108805
-43.73135867033602
3.3560214179840386
5.3819691837439905
39.133167042047944
18.73713546086401
-17.42800652543997
59.097420959744
15.094036036608031
59.04087489843198
30.08709216307193
13.230244275200107
-18.909990357504057
178.9053319459839
28.440004263424044
33.5239047413761
17.22944901171195
15.795732956160009
18.710860640255987
1.8285706813439901
-4.448548790783889
25.038248474111924
44.072102420991996
25.50274803558409
90.46410720153585
80.48941266534393
21.284720637952205
78.83657975808
21.997431640575996
-27.49002227353617
-16.08960661299193
-40.370374576127915
-36.369012528127996
-25.21385679923219
39.27806597376002
20.80575852800007
14.114866807296039
35.01522218188802
-3.0183040967681336
22.898876612096046
18.81646917887997
-16.95498178048001
-16.996938691583864
40.090991834111946
17.847143918080064
-5.113835644928031
-6.82991458252809
18.484360983040006
19.879487902207984
-39.17111709337587
5.7263529169920275
3.3334213770237966
38.82558386073606
-17.17978576691189
56.93661705011186
94.14540550604806
50.75783351859195
54.31849869056009
56.91460175359998
50.05813150310405
20.132187554816028
11.225419791359855
36.11127536793606
47.32006934527999
18.478246687744104
8.133248393728081
20.355240614911963
84.38372707225608
32.04686235494364
-1.7619661301760061
26.84716324096007
39.28077372774396
-54.002568897536094
11.044098831360316
0.2852166087677688
24.94419971328034
47.11649042739191
24.695095523327836
40.14797713868802
-2.025526901759804
0.9296011663359423
51.685425181183746
71.26781601792027
68.08868869887965
54.55960461824043
52.20038735820799
71.2414499020797
76.40464429516805
15.287649945600151
52.96977808793599
44.21362723891207
31.060001299455962
-38.56969299609591
43.11828928665591
24.73313723955198
38.76716689459181
5.280763043840125
42.64530616678394
-17.929531850752028
55.98321507379205
77.81785966796815
-21.027438169600373
19.525150730752102
31.020819547135943
46.18981627187213
49.84192251699187
13.762118474240197
95.98397307955202
70.879660055552
38.45714175180774
78.83956049612834
-23.17917715507201
26.544765640192054
43.85762763929597
27.767892723712066
26.239802124287962
-5.178711459840088
-19.43086196838385
-1.8111373890560571
6.054253545984011
13.190137614848027
11.089152032767743
6.486015407103878
52.60065203558406
62.19904331315229
75.70847550310373
23.40043904819231
23.213291219967687
16.62064295680011
14.883088458239854
92.1176941460485
29.110632795135643
31.141074591743745
23.503237708287998
-46.701792298496
-62.06839186892739
-34.83044159692827
-16.827248996351955
49.394549947391624
-3.698220822016083
6.084930254848587
33.14053123020767
-29.960013596160024
5.711909351423856
38.01028997836784
39.64004905728052
-58.377771207167825
37.96774277017539
6.854268677632717
1.5481007810558367
-44.30276383641649
-8.766480603136188
7.212619267072114
4.225719859712626
9.889367247871633
44.65548611891245
75.71658013183969
20.1047170437123
-7.924168120320246
17.914818234367885
12.037311085568035
31.602097061888344
-27.555507077120637
-1.1751380418554618
-38.051403838464466
-47.986473517055856
5.958064751103848
8.966154096127866
-3.90523395481614
2.941455854080232
4.136736091648345
6.991871832064135
-6.307584919039982
21.86178793932777
42.71599950284781
46.0994268656641
