427.833437824
1135.35572056576
1206.8754086799358
1029.5445051402244
1157.868060197888
932.3276472826874
884.2877280296962
630.2784212433926
1189.976976674303
1941.1739109288974
1353.134276335104
353.4401386147838
261.819298540031
266.27567302297575
172.50657603123182
251.7218012098565
166.41454359040108
241.00418644019192
119.83297327360015
183.4755278028788
166.5632314562572
217.31761162547082
194.077319924736
161.56843974758522
163.38869524633446
64.84023303884896
25.80211664435228
136.5569168435195
67.84515375718365
135.1286873113604
143.3724553912325
121.11670853376017
222.26985489971048
132.5931181383694
193.60456080332733
69.64109489407929
117.44486248243265
49.86299932313523
29.29077812992
12.344023371264484
6.278336148992821
132.02610792601627
8.293851568127138
55.83343398143916
6.445203337727435
158.78418073292778
57.10319749632254
95.60671811583961
92.0220542689276
94.04064190310237
81.46516981606692
172.43264581375843
23.565226132992393
89.79391687526368
10.642598341633857
24.885446217725985
117.09766121881694
149.50877300736101
113.21881469900472
81.98933207142545
193.40560261375867
41.14717856204879
50.83602189107114
79.59582749645051
45.00363773542267
60.4123237391359
99.50269894502344
50.99672384819496
72.38980231935784
117.48092362035095
87.00871958016069
70.69797195366482
-18.403167225857032
26.09034720204727
114.17084608921868
119.67232694476843
46.927116476414085
147.35043650099396
105.49539482931141
114.53829389516613
144.9171350174729
198.01792312729594
158.19454695219247
155.97302938111898
149.25435808102338
71.12594214963246
118.58269695078343
103.70303634739321
79.47015321139042
114.27842825830521
88.07415888281685
171.18436081919936
85.88202285670559
123.38311667916787
86.93334273792061
22.167325257214543
85.7564379448304
90.08865024051192
172.49775338803374
44.108297550847055
64.77473816780912
94.84803654451025
40.70172926157102
73.72716317593586
104.17494370815984
106.89405559142324
146.6044566625278
102.67489237964764
120.62968743372767
151.4854998200317
132.53836568678526
98.7522539714555
95.74451813683118
154.64658407782554
120.44325780070358
40.78852430950428
57.76309229312028
6.641186427390494
102.45646291353478
83.93193241037079
128.27412997836655
17.00815180441714
74.64367746969583
120.66015651071939
33.897213344767806
92.04267782553507
127.497607022593
92.1461135656973
154.1986125173753
176.15165404774234
141.06561989837064
94.35975141119707
105.5317135472651
165.0527215155198
77.7375328906237
94.84607503923326
168.86535485900822
128.09217277798234
118.42407496601663
70.6716573690901
145.7164539642872
249.74050278195136
126.80370969292926
68.366822887936
142.73456246630303
155.63745607424062
139.73454002994913
109.96682044723275
71.53532440831987
106.56030329190617
94.58589371340713
99.33684958105732
98.97424565043184
220.93683234867058
260.22872245862527
162.26324503961587
139.30886247475064
32.610025144833344
48.341084467199835
53.34240481894449
121.35486908057283
257.96835867443224
134.22795998003494
143.7398659333121
177.26155516927975
87.15132819455903
50.73312364134472
115.83937275545395
96.03074982860926
23.344171920383815
93.78093697996883
106.80773897113613
67.83627948646244
81.36941187276898
64.5061966079993
96.31564051558598
76.32431651993465
56.99957354444632
106.89512453683346
173.67042778675022
159.80240814899298
76.81650933555284
162.0647278909455
153.27996877209443
47.363301691391825
137.36192961382403
98.5949564344337
89.88169961932726
88.64619219916858
78.19433063014367
73.13788409036715
137.79365400524694
29.493942508033797
91.20955840409442
66.24239248998492
71.14302910822516
103.7869312747498
103.01371518412998
91.40776790271775
