4.994118702592
4.7379366784
9.053453792255999
5.415392033792003
3.893091465215999
-3.9571417722880007
-1.425271731711998
-11.241646181888001
-29.96108470272
32.783139633152004
-13.051567597056
-19.429569263104
8.329459356671999
14.149805868032
-22.036190189568003
17.157056937984002
-46.045915350015996
83.70799102873599
-11.382920445952
-28.212184144896
-17.621084401664
27.03806973184
46.039812063744
-5.418087098367998
-57.55092261376
25.001992408576
-56.985081677824
20.489949852672
4.708185057792001
-45.725789233664
3.735348359679996
0.5678782684160026
1.6653678771199978
-43.653164489216
-3.743701026815998
13.05326860032001
32.593689382912
8.66777912576
13.140732722688
-34.051307974656
-24.977581198848
-33.272232849408
-57.22671380736
-25.641843154944013
-55.26865838899198
-48.062099952127994
-2.50346548377604
2.228074751488009
-22.070335605759965
91.51309420646399
-14.137054195200022
6.502266384384001
-12.47882685798399
-30.194002898432018
-62.741114479104
-67.70349276569601
-19.561109186047986
58.456794372096
22.940466302976006
4.670957136895993
8.716804172800039
-2.8542451450880435
23.687293999104043
-20.515805519360015
12.303967797247992
93.83177126912
65.58721308569599
80.439045642752
-19.94294009907199
64.098424525312
3.6444988252159973
29.37710414592
53.41031397376
22.703623750656
16.817574298112007
1.9422303293439995
-15.874681482240007
37.9190848768
28.035101575168
11.282700858368003
70.770556139008
12.031534653952008
-1.4657314457600137
-51.57290702745598
47.141329176575994
33.434800387072016
38.969796490240014
-29.667515409408026
-38.02859365785599
-0.1480203484159972
-1.1553752366080232
-23.835909460479996
-45.237104922623985
-17.886987689472008
-44.054025632256
-9.440375865343995
-30.02624594534401
-36.20397221632
-11.458090568704
-4.0520059591679995
47.550895408128
85.528856740864
5.528222734848015
40.25364742655998
37.061239238144
7.486445404671997
10.873049464832008
40.365898966015976
2.3979618734080077
63.33194918246403
59.955579685375994
-10.687006455296
3.986863298047979
17.943585388032034
-20.042533116415996
-26.040882081280017
19.99999228057601
-33.60867827404803
6.466532626432013
-25.02228794009602
39.00799450931203
-37.723219989504
-20.992355820032003
-1.595014643711977
-26.65589876787203
6.742446462976034
-5.634448689663998
-2.026730452480024
45.020680027647984
-24.58520983910398
46.696039006208025
23.696863266815967
22.354757709824014
30.30027151769599
-21.00144339968
55.80591542630401
-21.906053601791996
13.569737465856008
29.561311741951954
4.902728477184041
-17.132777826303993
-16.34307145984002
-5.513518469632004
-9.597027637759993
-31.195572027904007
-10.676130760191995
21.080985467391997
21.510177422848017
41.07685744435196
-26.129557230591956
18.781565739007988
-22.092288586239988
-18.024825371648035
19.39228913305601
77.60901827225598
44.92095924428804
33.20527967487999
-61.78794905548796
-36.81825765478408
-33.51555966361599
-21.844005099007973
-52.04519875276799
-12.250939988992002
72.10382469683196
21.515606531072024
42.854782195200016
-20.93538707865605
-3.385303709695961
-8.38317246720004
11.196557971968048
6.415962088959986
5.719301345279973
31.87906929920001
39.175516004863994
15.804251523583957
-69.21200069222391
-24.29056246323205
-5.078513605120008
34.67388244838406
55.22008224563194
-8.047004395519934
-3.3507865579520058
32.31782175948797
23.86747710463999
21.75831866368003
-19.200771743743985
24.432699817983917
24.133228372480062
-13.917891571200016
-12.766370977279962
27.988369016320007
53.55386678271998
-68.82490369792004
-16.00388510873597
-19.921086888960076
-9.37439776972792
13.144701842432028
30.53096764825591
14.141153451007995
