439.834413561344
419.434962198528
443.1553593236481
379.9945903743999
372.6195625733121
354.2824276490237
373.9175122083843
415.52543706316783
443.5419740072962
426.50598836275185
384.14035891456024
379.6816822097917
421.9555667128325
417.48895977113534
411.75293371494445
462.2632402170875
609.0016479011847
731.2576313589752
656.183846275072
602.2979068047371
547.3741983324162
643.4322745871359
985.0376209254391
678.4068762388488
590.6025714175994
571.1446182527998
502.4087656591364
680.4746405913593
247.19411126015984
225.9888514560007
248.7803918607351
302.6673114337282
235.52058581145684
292.2294880184327
285.44074619391904
225.35462744268807
273.9215936076798
204.1406107632647
199.59013723136013
159.21019390156653
165.32405550284966
222.1800239303666
197.14243653222366
184.43028467814656
187.12398776268674
216.59737512192078
257.00691506278235
236.57067632076723
184.6210638894081
242.99558800588784
292.302232412163
261.8294368327661
201.5397390336002
142.53878224998334
168.70276636006383
182.93203428044944
135.41552073830462
249.05807044966423
230.64233414246337
214.7072617907179
252.70141454848272
230.86762732390343
266.0836828119027
406.7699892198398
418.5301566243834
294.46642280601736
280.7114364902409
292.4751448847346
152.23846768332805
239.69439696332847
199.05514664755174
207.23267869491247
183.50437343999874
202.54668370995205
265.26344500480263
221.8980108247015
219.8782646097934
245.00670794751932
220.47929312512133
213.389469606911
172.4506997652461
212.77379484416088
246.5041331256325
192.8620127452159
176.3126894003217
156.23672397721384
223.58596997273708
273.3709476085751
270.73009591603113
290.90623596339356
417.95289422745554
219.74657681459212
146.12670813798468
234.89701830656122
174.72745348402896
287.08862322790446
180.70324871168123
187.91746270719887
304.7362891658231
218.8336961121313
234.8743170513917
224.02104070451242
149.22819782656006
204.19955989350274
146.2194585983998
205.19641713766396
177.33778903449638
216.40697909196751
211.42543783526344
274.07389740083454
244.26903040767502
191.93557223475364
257.9366059596796
231.61542157107033
208.05910031565145
161.08271188480285
210.186039911423
169.78730139135587
213.82605752422387
241.39673596569628
282.0535216046119
227.57867175475258
210.36019524915173
227.85852553266886
203.86189331660717
241.09543429222686
234.5348756710373
264.19748864512076
276.99097901517234
225.63192154777062
249.88561784986086
263.71188762880047
255.64861526885943
254.86009449523408
186.62010881177412
270.1542193090572
229.42348599705292
275.0815731010589
281.5674881392624
273.7792925967369
219.59537915699184
220.83064032102266
405.41980402022455
276.5301594439661
252.25986919680145
224.97409904640517
264.51808865791827
177.92046055935498
226.59535830988898
210.04004677785997
253.72037113958504
232.356413212161
253.1722394183671
287.6999819888588
287.7187203937283
279.30377056409634
337.124590151172
312.4251664460753
203.083311035909
190.09894968268782
213.13241539635055
193.31905105868645
192.34367089100851
279.26868841420946
300.5138856360936
220.89864406784181
203.73451809945254
219.19710654259688
236.70677189017442
198.7707309680627
250.37916822272382
264.98787764633016
264.37242611251713
234.40772250931332
244.592120435198
204.17594939853007
226.55382644889323
286.69449694105424
426.538487097343
440.00620415744197
348.90093666867324
309.87019273983606
293.195457807873
322.8878292372465
310.6260446812157
200.37659475968394
255.94743227545405
314.828766332932
309.9615044331513
266.133365729278
282.18489480345306
267.85199044864567
231.39862823986914
234.61756964607775
249.1006474583046
243.14644192358537
267.73921501542645
586.856458296832
300.0336714711011
