544.560013981704
1059.3834022320762
629.8239891152191
431.8601073041018
384.31933790050607
656.3293457325376
991.697901983995
582.4578425406871
397.54042605571067
587.5860635990311
624.4055404158271
709.3355239584153
557.0801242023272
521.65360506258
590.4488450478821
319.6710049275589
652.7585489193734
428.51925959846267
567.7852403335528
421.18286974939656
295.10868091838347
609.3219620024884
342.935057529392
564.299276959211
581.9966774622208
269.1306015898517
465.33735087164314
489.38289402755254
509.4872820682649
590.1343831931626
558.8452480600263
784.428494054071
590.239887377993
360.29106395523195
161.83956187853983
626.6991768333319
272.3895481468171
270.570608157439
667.9007226336835
507.63406444181965
480.16625382289203
509.9833769920806
358.598048116226
422.9635241255164
501.37084389484517
623.0639150571405
392.60790176905357
365.631503180437
580.5130891726731
340.5255419010391
324.7410264446298
569.9827660626834
285.9744652155823
414.9608238034343
491.5229048779547
430.2590787826848
483.8047494600978
528.8475064477934
442.04774196687504
331.53891565903905
684.7817785540974
500.29421623375674
448.61012657959145
350.0471225588335
490.54930796503686
314.9212496086184
367.1502471389904
408.1233481151139
133.75623797367007
523.0436701647413
701.8925764785527
197.73779651664518
715.3355870976447
575.6916159891334
417.0522933233733
659.4613222987609
256.72934404819534
807.4662034758003
724.1592699821922
271.42346712558356
565.3959523529411
606.1366727296627
524.9806479252293
263.8659918794947
487.94666325911385
479.5549236025108
575.6519423645659
486.09486541764636
179.7313551200932
717.0068422103432
574.9277558415779
272.7367154059175
442.0641237726013
500.65320278242143
447.66403629037814
517.4842227882109
553.8690002552903
393.2273137891316
504.3495032466817
318.7746873358483
281.4868494191396
297.7929913720145
340.94731652730115
287.3321018602146
589.3316478769048
470.2580434038973
364.75608618777187
270.0336458146412
305.3693487767596
573.7550549174703
334.5510786476516
587.0068020962281
556.0093611307966
412.06494442721305
603.0436199298638
382.43263863892935
640.0885967848662
335.23433841266524
459.22702629343985
294.95180676221935
539.165643591492
344.5090020489588
337.19367820912885
742.8666743741196
465.2870892364954
237.85030576204736
579.9397529396883
444.05687478410255
372.7404504911174
540.2688660050117
173.78551281439286
634.3089676478558
297.9517038710037
834.5715869910564
305.0606447484679
301.70240014133014
307.88157427241094
648.2861670136117
104.73482524637802
461.9249979058368
477.51500084060535
249.4790802362695
338.1398494788591
524.2120028519566
124.63930804320262
668.1761738943023
544.8864230535692
508.61446454928955
603.3739026953554
514.9018718671723
294.20639251038665
647.0158389278222
409.3296686997055
331.1741381340835
556.2040100449085
330.8623189757345
345.31509322107013
349.00419681127823
305.81689559410734
533.6378242393839
313.0876615345478
507.5574030285061
128.14407407608815
707.2854644668842
200.48359051096486
667.5060348274565
223.87684680447273
604.4874304893601
152.0979562882858
681.1232071822596
413.69748049056216
152.62451802936266
889.7726017306704
514.9701382950734
267.43464429893356
385.15671728561574
444.0625561195193
266.7422861276573
653.1195243135444
480.7446747004142
267.8218814127322
564.3571578164265
474.1779185203777
318.98449651575356
542.3706273399148
771.6511453564599
348.91399051346525
270.24613766277616
518.6260061917128
190.07888499551336
441.40361336551723
345.254911917611
473.413803735064
655.2663774225657
389.6145651854895
164.42400178969547
570.1977159032394
467.32603060609836
565.0820875932113
