803.7504674590101
1592.3516658210401
1671.9279410964682
1339.0941381851571
1345.5065831913898
1132.168551453292
947.733256343663
863.9674022994041
734.1476140007398
1359.3809931804626
906.0344545175794
1207.9578599323977
895.2177730737094
766.2550803001141
769.8798586015473
540.6914629142411
1292.3980392217672
977.9740465595241
1101.4738362631288
845.3161241220005
590.6047948522646
560.1180792302475
715.6714198290429
750.1718651138908
839.906497664113
835.1543874845374
667.1757608590779
776.9715221269762
925.1284902180378
971.2310859688878
813.7434634244382
1071.192125204041
903.5579403246156
798.526918686588
566.8572737596587
650.524966819612
607.0701155377974
358.16965244351013
744.6584058941007
445.95458243368194
434.05530294085474
262.4646051080272
512.8923640882422
646.446723498826
978.1952616849812
535.717272972317
309.94752395216346
778.3686152727023
579.4503348698272
310.93203582361457
266.0374452492033
407.3296398427483
545.654093315854
168.7955607921831
772.2556927847327
449.7492528839648
263.40113593431306
291.2691786250143
816.2502047796297
519.6253778984974
527.4528145115764
540.5554953445098
372.2606566831819
497.35329436285247
512.5813356503204
456.8716677488628
172.86580888348544
829.6955862088143
378.59994114442816
415.86447810404206
603.6290601584915
534.8754863175564
474.69911097224394
601.4174554481724
339.4198758017228
434.4576838317007
467.20701232986903
676.9995521486708
521.4777667625895
271.52945248988544
585.5002268818207
440.3479171768704
359.901052595138
366.83154753067356
559.3168614298047
274.7684183575984
605.1139475166783
695.6424793526166
399.6362774057052
508.3788358296224
365.27662612797576
406.06683682600124
528.2727741116032
531.5663155571165
437.3844773455203
581.1192833138921
518.4939063743368
150.85617346049548
807.5190637165069
248.3248432055334
693.8940870512306
447.9705259333714
179.40848034864757
575.7036201695009
82.32999452503282
679.9696139769803
640.0670566444023
482.7432866492454
371.7661449690786
613.4101710597606
271.03174368976033
528.605794006653
132.90891921480943
810.6325900797528
303.7208928817272
457.31973303633276
410.60396693808434
640.3482905842393
449.21734301539254
382.0501273457485
696.4863016034942
571.1481443644152
455.015382340629
747.3991545507597
242.39831064677855
549.0491007289675
398.88112321410154
789.897176891478
204.51573233507224
622.8803055146564
486.15392773304484
468.97424218818196
314.6712097372947
689.7827415996435
431.6384657371527
303.55154833215056
519.9023860378511
443.18915867168107
392.3918889165798
382.6962885590183
630.7474478252989
408.3021718617674
746.2954546321707
519.4502493626205
578.7608423276106
173.47581047828135
410.07151563678053
274.2952404242096
551.3919096363534
489.1990499560925
380.6851860678289
535.505272055685
489.013680468066
293.9108740979718
84.50414949312108
482.0022372427338
396.46575563648366
566.5915797455382
819.9267830247263
152.4353884291486
742.6243260763731
250.22382991883205
531.4573561967409
523.9858829342847
424.87061236398586
509.5909075069212
375.81065192418464
594.48475988688
445.99433023996244
48.18668635858921
680.7026988088473
354.88640582303924
398.3517536059371
707.2432547336794
394.99268495196884
588.7080839397968
341.30125197279267
221.69701579358662
641.3213601313619
453.2659935377451
471.08084428355505
540.1116598485241
435.4238195674843
178.5546624953131
797.9287604589481
417.16702186490875
313.2794407828478
448.84646881387744
799.9672053476825
408.1791055250651
472.1027879702451
513.0162237464974
510.23263797324034
461.2490901764395
451.8361344521836
290.34922052698676
619.03449207214
549.4863391008112
495.44976577791385
