838.8403004048257
467.6338411121276
184.81602161537467
630.5146832397481
245.2969667383145
418.3265191140181
552.0710631577522
477.95811201550987
656.054989639862
391.73955591554113
925.4221497374783
600.062540891754
364.7359819039175
301.195247102326
213.54893701321816
701.717153380273
284.37412854821287
370.8280182847011
936.1918041567733
197.08539793097043
753.9117861125451
566.5980240917397
330.934643728584
688.8207082485096
134.97984828664994
383.16068571974756
427.83277017211367
423.2783803125458
613.2662409255681
365.28831474979415
256.7094632699973
353.15224821379707
680.6632880362922
513.4816045465632
635.5959896547138
109.8952398029578
592.1179053902779
467.01813330517325
245.48475590666567
496.67495949910153
496.2517297348131
193.57666773659366
504.48548669652155
378.69912593657864
547.7627982976301
418.20233536684464
522.0314780306617
416.8874085067946
554.9913829327743
301.92018999099673
374.84305832118844
98.55619786999523
643.039873852038
392.0416133567014
609.8889002533906
368.97875248944183
516.9342654302236
725.8655859144237
609.9225554308287
149.96938192244852
567.9753534933916
446.2032889214315
545.517278059604
319.31722830796934
383.6890285505033
556.782698325369
493.15827724720293
525.3893157127823
436.66146228254
308.50674031603194
218.18351553753382
496.81148398980076
568.6792862596121
483.11701538079797
456.56364865782234
413.0298788084765
584.838945304844
553.5019462843629
231.10631678657228
417.3042221508658
299.25111876225856
445.38934896966384
503.8611605929909
504.06522907092585
137.15496857248945
515.2708964181875
602.0312822044943
517.6960147498394
592.6050603671465
437.86429544929706
428.5665752504574
622.179526294276
306.6557617207727
551.1066385753365
431.1527368951429
448.58301860016945
438.0850066015919
432.6372452258147
519.0541574732852
347.6021681648708
280.6876469050694
268.90178151492
642.0388155242617
383.93605260157346
358.80423002003226
691.7038508297846
778.8460595860452
725.6364554552929
348.1766949546509
561.0820150230065
1018.4048605596981
588.8277311224447
574.688125725057
199.84371940952406
396.0223625639992
469.4585610204522
493.74465360574686
370.8619676927774
588.5449341674466
240.54746125772363
486.53627570992103
628.9316384978374
243.00257587273518
902.2596181058398
347.37675599981594
110.26460549989133
584.8926859753483
594.0985333108838
480.0797681330296
510.871811360179
566.7199343255706
244.70360941143736
690.8909550443423
474.256559532907
375.18792052797653
504.9664391083061
198.85055133515561
352.3969713239567
604.8950079787828
206.81170416910754
401.57999025042955
687.846081785261
837.9110096504155
623.4305585800321
398.7536025170848
420.68747836250986
468.4975562142208
425.11829656564805
466.6733141991717
301.5690339389548
133.22252556261083
374.6306203178101
596.9109601517994
190.6994616577431
622.8607666921889
698.5391623448377
518.9946069459256
541.5525345599308
114.88531264237827
551.7722286381177
609.181036669921
601.6162142500689
616.9937287938228
228.61798133894627
371.80353622086113
389.7081917962205
181.36166646277707
692.7375460259063
438.1810539578146
82.40915482211858
363.1807268604898
716.9895209807437
118.82589431182714
962.5469880658638
345.01697920207516
494.89933948914404
438.96775952217286
514.2178496878478
649.1833724466997
546.8257637437346
532.1166581898724
577.3660813046008
480.2144890905911
360.96825451383484
393.1897143049573
112.93589505771524
751.6704235292709
118.9572412721609
568.3177491706447
616.7833633659611
369.32692507567117
354.2996527967771
216.02315485762665
618.5361858996766
499.92521057114936
223.3658029154467
789.5458605775057
234.35327363242686
522.9605231416062
