630.7226044932172
1391.4831830974445
888.0268462692293
1225.242389609191
1162.3194991058617
804.1386050462306
649.3477749679832
566.8207817960802
519.2558784233897
603.720785926811
717.1391198503261
575.7954743918344
599.0408666542171
506.5465186307629
571.6936976407833
290.43222075696576
570.1313476683317
449.55354786854514
440.7441407004153
338.00539561945334
318.7526671608721
486.24621069778186
432.55705480677716
636.3982406929499
788.5940461655518
276.8879857117663
424.36215833852475
833.2986448290467
337.4578866240263
439.4290876752566
287.19909618901875
478.24060351202206
375.2159882099004
327.1796565300574
403.24265298890896
642.8591213649779
161.93543411398787
406.03247369256496
544.9218410419271
282.2774122887495
394.12516568536375
702.0036162237448
380.2601112780321
618.7635628458629
240.83263388080013
864.294381578351
391.2156121449989
476.8072524169256
534.6488092770778
470.4418416332337
434.1647862429563
186.9756372352822
342.78202383213284
198.4092699753055
445.8158700488675
729.8041060193245
194.73425002509612
547.4867297724995
198.93242487497992
508.1231888803486
667.4203545887758
223.8491415686476
406.5245678677966
556.0065347698219
364.9225679346564
280.0422355321425
301.6544352170604
386.76793219578394
423.74953976861434
425.8812031394482
346.10519637251855
203.86794879603985
463.3780381970719
484.38451022934896
163.80004709408968
456.9797018019599
470.53156595792825
268.9432904843925
284.46470092074014
508.1664278443568
274.4543268533307
403.9379846150041
389.42359055252746
159.2826096822173
710.8428565597205
496.10463361343864
270.499284236088
602.6162538909193
325.701849770885
564.7844103179959
450.18631241111143
312.7618723664709
320.54044969139795
454.4901123327436
333.0961574527828
617.2288717739793
282.65224632310856
534.8236488999028
457.0247583353048
193.534483331714
368.80882854792435
359.4429328886399
283.465953697174
430.0209805443519
429.14924467275705
221.6161520695241
336.954059745367
410.3014532668021
507.9814950015352
272.07822523563664
336.7632717741726
201.10493223270169
492.2080272651074
333.7336376668245
310.5619437273781
336.0053241619753
333.06189726472803
465.101127514994
462.4239175174371
359.53241543056356
320.01704452840204
273.2249398922213
240.21074896086793
350.12239519385184
201.43956693445944
469.6753588511856
485.3302455658122
438.01010929250333
636.8338617650443
699.5404566810612
175.17128917358787
621.8398687891386
454.0546086207396
435.2251613910048
447.4733298037463
368.33374726092734
488.33563327354204
316.6010657749066
463.18062441305665
590.4385128837021
262.1986329536012
115.77040268025303
312.3417206950253
301.1605432550932
193.95192954389495
396.6496655157607
272.7344493960845
207.0702012406109
499.56393076961103
398.9195171427273
365.86117525228474
178.64064836746547
238.58251867635408
161.3595794581779
249.5964087334578
303.31915883799957
425.6029673398443
123.39227730421408
398.9226598339592
430.57014296953275
112.32917825477489
469.0231853465375
433.67694853678404
116.09102357173106
432.8855938216002
315.7368333660561
314.3437949818035
415.7643314177112
364.54316755018954
373.69969480647705
315.9210169700673
435.9073264948529
195.09639211422473
570.0767633437645
464.80014144902816
384.01386400814226
379.4723590063659
198.14380919483665
278.08248036807345
567.2371447771875
290.90983763858094
380.3997085637384
150.39055977290263
458.37449488346465
324.10679394162435
191.3327772358898
715.9666743525304
657.8814868761547
824.7357702821027
1003.7805658820726
1144.9435996453976
1035.2359290574677
538.0075611305801
559.4278559637314
576.0311612623191
306.8918118454312
338.19207040953916
357.35586498191697
524.0521001072921
