480.091439104
491.451645952
491.20470630400007
489.2289925119999
492.19253043200024
491.204640768
489.4760632319999
487.9941632
489.7227407360001
487.7472235519999
486.7594649599996
489.2288614400004
488.2411028480001
489.7232650239994
486.0186460160003
486.01812172800055
492.9334804480004
491.6982579199994
488.2411028480001
491.45184255999993
491.69930649600064
486.7594649599996
485.5242424320004
485.0303631359984
483.79618918400047
480.09157017600046
494.1676544000002
496.14422016000026
503.30599423999956
515.4065612800005
561.0940661759996
555.9088578560004
523.0622146559999
553.685876735999
557.6369111040003
500.83554918400114
404.5217464319976
380.3206123520031
369.69853747199886
348.95560703999945
345.4995005439996
309.44106905599983
301.5390003200009
290.6715586559985
283.51188172800175
291.90678118399956
281.5363645440011
268.9387724799999
263.2596848639987
255.11015219199908
243.5045130239996
242.7621212160011
235.84781107199888
230.90692096000203
225.97022515199933
228.19110912000178
221.52426291199663
219.79411251200145
211.64457984000182
216.33800601599796
208.43593727999905
208.18637619200308
199.791476735998
200.03894067199872
204.2353418240018
196.33327308799926
195.10014771200076
193.12253337600123
190.90164940799878
189.91179366399956
191.1470161920006
191.1491133439995
191.8873108480002
187.44344576000003
185.4679285759994
184.7255367680009
184.48016998399908
185.22046463999868
180.28167168000073
181.51479705600286
181.2694302719974
179.7867438079993
178.05869056000301
179.7888409599982
174.84795084800135
175.34078156800024
176.08317337599874
173.11989760000142
177.56376268799795
174.60258406399953
175.34078156800024
176.82556518400088
177.5637626880016
176.57600409599763
180.034207744
178.05869055999938
179.54137702400112
178.79898521599898
184.9730007040016
184.48016998399908
185.22046464000232
186.9485178879986
188.92613222399814
190.406721536001
192.6297026559987
191.3944801280013
194.60312268800044
198.80371814400132
197.81595955199737
196.8282009600007
199.5440127999973
200.53177139200125
198.3087902719999
201.02669926400267
203.74251110399928
205.7180282879999
207.44817868799873
207.44608153599984
205.96549222400063
207.19861759999912
207.44608153599984
208.18847334400198
207.44608153599984
210.1639905280026
211.4013102079989
212.13531340799818
215.35234457600018
213.86756096000317
211.1496519680004
212.13950771199598
213.12936345599883
212.87770521600032
213.37682739199954
213.62009702400246
216.33800601599796
217.81859532800445
218.80425676799496
214.1150248960039
212.3869716479967
217.57113139200374
214.85741670399875
215.84307814399654
218.06605926400516
217.57532569599425
217.32366745600302
213.62009702400246
218.5609871359993
218.3135231999986
217.57113139199646
221.2788961280021
219.05172070400295
217.81859532799717
219.05591500800074
218.0660592639979
217.32366745600302
220.28904038399924
217.81859532799717
222.26455756799987
223.50187724800344
220.04157644799852
220.04157644799852
221.2788961280021
218.0660592639979
219.29918464000366
219.05591500800074
217.32366745599575
218.80845107200003
218.55679283200152
219.05591500800074
219.7941125119978
218.06605926400516
219.5508428799949
218.55679283200152
220.28904038399924
220.28904038399924
220.53650431999995
220.78396825600066
224.2400747520005
220.04157644799852
223.9926108159998
224.98246656000265
224.2400747520005
223.25021900799766
225.7248583680048
227.94364518400107
227.44871731199964
230.1708206080002
226.95378943999822
228.19110912000178
231.4039459839987
228.68603699199593
230.41409024000313
229.18096486399736
227.44871731199964
228.93350092800392
229.42423449600028
232.88453529599792
231.65140991999942
230.16662630400242
229.671698432001
