477.3748736
490.21684940800003
486.018514944
484.28980633599986
483.3017855999999
484.04286668800023
479.59769087999985
480.3382476800002
478.6096701440001
481.3265305599998
482.8079063040004
484.78342348799924
474.4114339840007
474.4114339839998
472.68285644800017
469.7190563839995
468.97823744000016
473.1762114560006
464.03892019199884
466.2619013120002
468.4848824319997
466.26085273600074
476.1405358079992
463.2975769599998
462.8047462400009
454.9016289280007
458.358784
454.654164992
453.1725271039995
453.66745497599914
454.16028569599985
447.98627020800086
454.65521356799945
442.8000133120004
446.9985116159987
451.6908892160027
446.9985116159987
452.6796963839988
457.36997683200025
456.63177932799954
455.14699571200254
449.2225413119995
449.2204441600006
445.51687372800006
447.2470241279989
438.10763571200005
436.6249492479983
433.6637706239999
430.94586163200074
424.52647935999994
416.62231347200213
417.1151441919974
417.1172413439999
415.3870909440011
415.8820188159989
413.6590376960012
416.3769466880003
414.6467962880015
407.23755827199784
411.68352051200054
405.26204108800084
404.2742824960005
403.2865239040002
401.55847065599664
397.35997235200193
398.59309772800043
396.372213759998
398.34773094400225
397.607436287999
402.0513013759992
398.84056166400114
398.3477309439986
401.5584706560003
401.31100671999957
399.33548953600257
398.84056166400114
398.84265881600004
397.8528030719972
394.1492326400039
398.1023641599968
397.6032419839976
397.60743628800265
398.1023641599968
401.0635427840025
396.8650444800005
395.8793830400027
396.6175805439998
393.40893798400066
396.6175805439998
394.64206335999916
395.87938303999545
396.12684697600343
393.6522076159963
392.91401011199923
392.17581260800216
395.631919104002
397.35577804799686
395.3844551680013
397.60743628800265
393.16147404799995
395.1369912320006
392.1758126079949
395.1369912320006
392.17161830400437
395.63191910399473
393.6522076160036
392.6707404799963
393.16147404799995
394.147135488005
393.6564019200014
392.91401011199923
396.6175805439998
394.1513297919955
394.88952729599987
392.91401011199923
395.1369912320006
390.19610112000373
390.6910289919979
387.9773143040002
390.44356505600445
388.96297574399796
386.7399946239966
383.77881600000546
385.5068692479981
389.2062453760009
387.72985036799946
387.23492249599803
385.5068692479981
387.9731200000024
382.5414963200019
382.04656844800047
383.03642419199605
382.298226687999
384.0220856320011
379.5803176960035
381.0567127039976
373.65376614400157
378.3429980159999
374.63942758399935
365.7475031040012
370.6883932159981
368.2179481600033
370.6883932159981
368.71287603199744
369.6985374720025
364.266913792002
366.9848227839975
362.04393267200066
360.31587942400074
355.1275253759959
356.8597729280009
354.88425574400026
351.67141888000333
352.4096163840004
346.9821870079977
347.9678484479955
339.57085184000607
345.0024755199993
342.04129689600086
341.05144115199073
345.4974033920007
342.5362247680023
337.34787071999745
336.85294284801057
337.1046010879945
334.38249779200123
333.39683635199617
343.27442227200663
336.3622092799924
330.9263912960014
327.96521267200296
323.51505612800247
325.4947676159936
319.57241036801133
323.75832575999084
314.6315202560072
314.1365923839912
315.1180595199985
308.94404403200315
309.19570227200165
308.7007744000002
303.0216867840063
296.6044016639935
299.07065241600503
301.536903168002
296.352743423995
295.3628876799921
288.1990164480085
283.023245311997
281.28680345599423
272.15160934400046
271.65668147199904
268.4438446080021
271.41341184001067
258.56206438399386
262.02655948800384
254.8626882559911
251.90150963200722
249.4268702720001
242.02811801599455
