291.907469312
295.36488652800006
298.822336512
296.1058037759999
294.62403481599995
293.8830848
291.1666176000001
291.90756761600005
290.6726072319998
284.49859174400035
282.0289331199997
278.0776366079999
269.43422464000014
277.33681766400014
270.66866073599977
266.22374707200015
262.5188659200003
260.79081267199945
254.8632125439999
258.07395225600067
253.6285143039995
243.9968194560006
238.81108684799983
239.304966144
225.96865228800016
227.9446937599996
222.75843686400003
226.46305587200004
217.32524032000038
211.39868876799937
200.53177139200034
197.81543526399946
198.30931455999962
196.08685772800163
195.09857484799977
189.1725475839994
185.71434393600066
189.17149900799996
184.9730007039998
179.0464491519997
177.07093196799906
171.39079577600023
173.11989760000142
168.67393535999872
164.47543705600037
161.01828198399926
165.9581235200003
165.7106595839996
161.26469734400052
154.84426649600027
152.37487001599948
157.31366297600107
157.0672476159998
154.597851135999
154.59680256000138
153.3626286079998
150.39935283199884
147.68249241600097
145.2120473599989
153.36262860800161
151.38711142399916
149.16413030399963
149.16413030399963
144.71921664
146.69473382400065
145.70697523200033
146.44726988799994
146.44726988799994
144.71921664
148.1763717119993
149.6580095999998
148.91771494400018
151.63352678400042
150.15188889599995
152.86874931199964
146.94219776000136
150.89218355199955
148.91771494400018
153.11516467199908
149.16413030399963
152.86874931200146
151.6335267839986
149.65905817600105
153.11516467199908
152.62128537600074
157.31471155200052
151.3860628479997
148.4238356479982
155.33814579200043
152.86874931200146
151.13964748799845
151.63457535999987
154.10292326400304
151.63457535999987
151.63247820799734
149.90652211199995
146.9411491840001
144.71816806400238
150.15188889599813
146.69578240000192
145.95339059199978
146.44622131199867
142.99011481599882
143.48504268800025
145.95339059199978
143.73250662400096
143.97787340799914
143.73040947200207
142.4951869439974
146.2008545280005
144.96563199999946
141.75698944000032
136.56863539200276
141.7548922879978
140.7671336960011
143.97997055999804
142.99011481600246
141.259964416
140.769230848
137.06146611199802
138.79161651200047
137.55849113600198
136.3211714559984
135.82834073599952
134.8405821439992
132.3722342400033
139.03698329599865
139.0390804480012
132.12477030399896
135.5808767999988
132.6176010240015
131.13701171199864
135.82834073599952
131.62984243200117
131.62984243200117
131.87730636799824
131.38237849600046
129.40686131199982
130.14925312000196
128.9140305919973
129.89969203200235
129.40895846399872
127.18388019199847
128.17373593600132
125.70119372800036
123.72777369599862
126.19821875200068
125.94865766400108
125.95075481599997
126.44358553599886
130.14715596799942
130.14925312000196
123.23284582400083
126.44358553599886
123.97523763199933
124.96089907200076
121.50479257600091
121.50479257599727
121.2573286400002
120.0242032640017
119.03434751999885
122.74001510400194
119.77464217599845
118.29405286399924
118.54151679999995
112.61496524800168
112.86033203199986
110.39198412800033
113.35525990399765
112.12003737600025
112.12003737600025
113.10779596800057
110.63735091199851
109.89705625600254
110.39198412800033
109.65168947200073
106.19138867199945
108.66393088000041
106.43885260799652
104.21796864000135
108.16900300799898
103.72304076799992
98.78424780800196
103.72304076799992
103.23021004800103
104.71079936000024
101.99498752
99.03171174399904
100.26693427200007
103.9684075519981
99.52663961600047
99.27707852800086
103.72304076799992
101.00722892799968
97.55112243199983
99.02961459200014
100.51439820800078
101.50005964799857
97.30156134400022
98.29141708799943
