68.161130496
68.40809472000001
67.42025830399999
64.20974796800002
65.691516928
63.962808319999965
68.40811520000005
61.987094528
60.50535833599997
59.76444108800001
60.999335935999966
59.023556608000035
57.54185318399993
59.023556608000035
57.294848
55.56613939199997
59.517566976000126
68.90199449599982
62.4809738240001
59.76450662399998
59.023556608000035
62.234165247999954
54.331310080000094
57.788727295999934
65.9385221120001
52.1087221759999
54.825189376000026
57.78885836800009
77.29866342399987
53.09648076799999
50.133073920000015
30.870077439999932
29.388308479999978
24.202182656000105
23.708172288000014
25.18994124799997
26.424770559999843
22.720413696000378
23.955243007999798
21.48558438400005
23.461232640000162
23.955111935999867
22.473474047999844
21.23864473599997
22.967222272000072
21.73252403200013
27.906539520000024
23.955243007999798
22.720282623999992
19.51006720000032
17.0401464319998
23.461363712000093
20.25062399999979
20.003946496000026
19.015925759999845
18.76898611200022
22.226403327999833
17.040408576000118
16.299327488000017
18.27510681600006
16.79346892800004
17.78096537600004
18.02816716799998
18.27510681600006
16.299327488000017
17.040408575999663
17.534287872000277
15.311568895999699
16.052387840000392
16.299327488000017
12.84191027199995
17.534287871999823
17.534287871999823
17.040146432000256
15.805448191999858
15.558508544000233
15.064629247999619
17.040408576000118
15.311568896000153
13.08884992000003
12.84191027199995
13.08884992000003
14.076870655999755
13.829668864000269
14.570749951999915
10.125312000000122
15.805448191999858
11.360272383999927
13.582729216000189
13.582991360000051
14.076608511999893
13.582991360000051
14.076608511999893
13.582991360000051
14.076608511999893
15.805448191999858
12.348030976000246
12.842172415999812
14.323548159999973
11.854151680000086
13.33578956800011
14.07687065600021
14.076870655999755
11.360010240000065
13.08884992000003
12.34803097599979
11.360272383999927
13.08884992000003
11.854151680000086
9.878372352000042
14.07687065600021
16.546267135999642
7.4089758720001555
5.927075839999816
9.384493056000338
9.137553407999803
10.866130943999906
11.360272384000382
10.125311999999667
9.384493056000338
7.408975871999701
6.914834432000134
4.6921154560000105
7.65591551999978
7.902593023999998
6.668156928000371
8.890351615999862
8.39673446400002
6.420955135999975
5.433196544000111
5.433196543999657
6.914834432000134
8.14979481599994
7.655653375999918
8.149794816000394
8.643674111999644
5.926813695999954
8.39673446400002
6.667894784000055
5.433196544000111
8.14979481599994
8.149532672000078
8.39673446400002
8.14979481599994
4.198236159999851
3.9512965120002264
6.915096575999996
5.18599475200017
5.186256895999577
9.137553408000258
8.890613759999724
7.655653376000373
3.457417216000067
3.9515586559996336
2.9635379200003626
4.939055103999635
3.2104775679999875
5.186256896000032
6.667894784000055
4.939317247999952
4.93905510400009
5.186256896000032
1.2346982399999433
3.457679359999929
3.9512965120002264
1.481637888000023
4.6923775999998725
7.161774080000214
5.186256895999577
4.445175808000386
1.9757793280000442
2.4696586239997487
5.18599475200017
5.927075839999816
6.667894784000055
5.186256896000032
5.433196544000111
5.680136191999736
6.17401548800035
6.6678947839996
6.420955135999975
4.692377600000327
3.9512965119997716
7.655653375999918
7.4089758720001555
8.890613760000178
8.890351615999862
10.125574143999984
8.149532672000078
10.866393087999768
9.384493056000338
6.6678947839996
8.890613760000178
8.643674112000099
7.161774079999759
6.914834432000134
9.137553408000258
8.890613759999724
8.39673446400002
8.890613760000178
