107.180908544
106.68699648
104.464334848
103.72346675199998
101.99472537600002
101.99472537600002
98.53730815999995
97.0555392
95.07982540800003
89.89369958400005
93.59805644799985
90.88152371199999
89.8936340480002
88.90587545599988
87.671046144
85.20138752000003
84.213497856
84.7075082240001
85.44845823999981
82.23784960000012
81.00302028800002
78.78043238400005
73.34736691199987
74.33512550400019
71.61865830399984
65.44451174400001
67.91417036800021
67.66723071999968
71.1246479360002
66.1853306879998
64.20981350400007
63.46899456000028
67.66723071999968
62.97485312000026
63.46899455999983
62.97485311999981
62.23403417600002
57.04803942400031
60.99907379199976
57.29497907199993
60.505456640000375
52.35566182399998
51.61458073599988
49.88600319999978
43.46531020800012
44.946685951999825
50.87402393600041
46.92246527999987
42.47728947199994
40.00763084800019
36.549951487999806
39.51375155200003
40.748449791999974
39.26681190399995
37.29103257599991
40.748449791999974
42.230349824000314
33.83361535999984
34.82137395200016
40.007630847999735
36.7971532800002
36.7971532800002
36.55021363200012
35.56219289599994
36.30327398400004
35.315515391999725
37.29103257599945
40.99538944000051
38.03185151999969
37.04409292800028
37.53797222399953
38.0318515200006
36.05633433599996
38.03185151999969
36.05633433599996
37.04409292800028
38.27879116799977
34.574696448000395
34.821636095999565
35.314991104
34.574696448000395
36.05633433599996
32.104775679999875
32.598654976000034
33.09305855999992
29.387915264000185
31.85836031999952
27.165458432000378
28.40068095999959
31.857836032000705
28.153217023999787
29.14149990399983
30.129258496000148
29.38843955199991
28.894035968000026
30.870077439999477
29.14149990400074
28.15374131199951
28.153217023999787
26.672103424000852
28.894035967999116
26.425163776000772
26.91851878399939
24.69606195200049
26.17769984000006
27.412922367999272
25.43688089600073
27.412398079999548
28.15374131200042
27.16545843199947
25.6838205439999
25.93076019199998
20.745027584000127
22.967484415999934
22.47308083200005
26.672103423999943
27.412398080000457
25.93076019199998
28.40068095999959
24.69606195200049
24.69606195199958
25.43688089599982
24.44912230400041
24.202182656000332
24.202182655999422
23.21389977600029
24.94300159999966
24.44912230400041
23.214424064000013
23.461363712000093
22.226665471999695
22.72002048000013
26.672103423999943
23.21389977600029
21.485846527999456
23.214424064000013
19.509805056000005
19.015925759999845
18.522046464000596
18.768986111999766
22.720544767999854
22.47308083200005
21.238906880000286
20.497563647999414
16.79346892800004
14.817427456000587
17.534287872000277
17.287348223999288
16.299065344000155
21.485846528000366
19.015925759999845
17.287348224000198
16.052125696000076
16.0526499839998
16.29958963199988
17.780703231999723
15.06489139200039
18.028167167999527
19.756744704000084
18.522046464000596
18.028167167999527
18.028167168000437
16.052125696000076
16.79346892800004
17.781227519999447
12.84191027199995
14.323548160000428
14.324072448000152
15.558246399999916
19.262865407999925
15.80571033599972
16.0526499839998
17.286823936000474
16.54652927999996
16.79346892800004
13.829668863999359
13.582729216000189
16.0526499839998
16.54652927999996
17.286823936000474
14.817951744000311
12.101091327999711
12.34803097599979
14.570487808000507
17.534287871999368
15.311306751999837
17.534287872000277
13.829668864000269
13.336313855999833
14.817427455999677
13.33578956800011
14.571012096000231
15.311306751999837
15.064367103999757
13.583253504000822
14.323548159999518
14.570487808000507
14.324072447999242
14.570487808000507
14.076608511999439
