2.614678002748318800e+16
2.614368111883252800e+16
2.614059983915784400e+16
2.613753652851996000e+16
2.613449377365021600e+16
2.613146503339396000e+16
2.612844806082324400e+16
2.612545178637110400e+16
2.612246703623789600e+16
2.611949599630118400e+16
2.611654279334267200e+16
2.611360079131224800e+16
2.611068091625866400e+16
2.610777520015962000e+16
2.610488063263821600e+16
2.610200771297595600e+16
2.609915851514941600e+16
2.609633340627674000e+16
2.609350746930064400e+16
2.609069804267994800e+16
2.608786890255160400e+16
2.608509939844764800e+16
2.608233828986737200e+16
2.607960890777802400e+16
2.607689096633133600e+16
2.607418345540195200e+16
2.607145387828248000e+16
2.606881970644536800e+16
2.606619902265773600e+16
2.606358904696584400e+16
2.606102110471909600e+16
2.605848940518528800e+16
2.605600151117475200e+16
2.605355298635831600e+16
2.605108609891743200e+16
2.604871756388318800e+16
2.604636375945916400e+16
2.604403858145964000e+16
2.604168025230974000e+16
2.603942579738298000e+16
2.603718870398974800e+16
2.603496550876876800e+16
2.603275549437525600e+16
2.603054569538367600e+16
2.602840656185037600e+16
2.602628328969704800e+16
2.602416437645248000e+16
2.602208057656664000e+16
2.602000190577198400e+16
2.601795483351464800e+16
2.601588717650066400e+16
2.601389320385737600e+16
2.601190558244792400e+16
2.600911133703147600e+16
2.600716571856199200e+16
2.600522599874822400e+16
2.600326668190517600e+16
2.600134505646028000e+16
2.599942856073643600e+16
2.599752297454477200e+16
2.599562802141684400e+16
2.599373080173750000e+16
2.599183815542100400e+16
2.598996215247841600e+16
2.598808929846772800e+16
2.598622766550746800e+16
2.598437039049766400e+16
2.598252024335788800e+16
2.598068342281371600e+16
2.597886220783319600e+16
2.597704824427200800e+16
2.597524113059663600e+16
2.597327646314554000e+16
2.597150798793424800e+16
2.596974465055985600e+16
2.596798872585942400e+16
2.596623639688866000e+16
2.596449611337572400e+16
2.596276660443128000e+16
2.596105111059496400e+16
2.595934188706619200e+16
2.595764195008284800e+16
2.595594675890104000e+16
2.595427020334504800e+16
2.595260407501396800e+16
2.595094343730370400e+16
2.594928837094870400e+16
2.594763950938405200e+16
2.594599912388144800e+16
2.594434623413953200e+16
2.594269989974840800e+16
2.594106144711319200e+16
2.593943185256545600e+16
2.593783254050335600e+16
2.593625257897826400e+16
2.593467821567952800e+16
2.593310544030740800e+16
2.593153597703950400e+16
2.592995866231532800e+16
2.592838482878195200e+16
2.592625812371052400e+16
2.592470954733756000e+16
2.592316802913443600e+16
2.592165334488574400e+16
2.592013385485535200e+16
2.591861845485341200e+16
2.591710226606410400e+16
2.591556066923488800e+16
2.591402607887656000e+16
2.591249594673141600e+16
2.591096310608386800e+16
2.590944166183677600e+16
2.590796096664008000e+16
2.590648371897300000e+16
2.590501003749240800e+16
2.590352097514990400e+16
2.590204403183156800e+16
2.590056382292926800e+16
2.589908710555850400e+16
2.589761414069191200e+16
2.589614956227617600e+16
2.589469371484095200e+16
2.589324457199972000e+16
2.589180360508738800e+16
2.589037225991443200e+16
2.588894082586112000e+16
2.588752254854549200e+16
2.588610971749870400e+16
2.588470269817968000e+16
2.588328947504064800e+16
2.588187008702806400e+16
2.588047272680894800e+16
2.587908346511790400e+16
2.587770234020720800e+16
2.587631453556038000e+16
2.587493349306608000e+16
2.587356035611120000e+16
2.587219183142444000e+16
2.587081943599228400e+16
2.586945384927628400e+16
2.586808700300374400e+16
2.586671976133774000e+16
2.586535746505979200e+16
2.586265275013070800e+16
2.586130946624034400e+16
2.585996878480969200e+16
2.585862816295944000e+16
2.585729207860682400e+16
2.585595848643228000e+16
2.585463096090053600e+16
2.585330547878094000e+16
2.585198620061031600e+16
2.585071071695628400e+16
2.584943721842282400e+16
2.584816022981932400e+16
2.584688529884400800e+16
2.584558531363104800e+16
2.584426908155543600e+16
2.584297267760298000e+16
2.584168542570510400e+16
2.584040368532587600e+16
2.583911975806096800e+16
2.583784150456754400e+16
2.583657076402690400e+16
2.583530767975727600e+16
2.583403351509972800e+16
2.583276551417768400e+16
2.583150863369019200e+16
2.583024943341566400e+16
2.582900376134846000e+16
2.582776000691936000e+16
2.582650930549150000e+16
2.582526160574673600e+16
2.582402221016074400e+16
2.582278714058695200e+16
2.582155526096203200e+16
2.582031802697690400e+16
2.581908153240612800e+16
2.581784215378331200e+16
2.581658844401370400e+16
2.581535141679555200e+16
2.581411623403413200e+16
2.581288770518905200e+16
2.581166053908106400e+16
2.581042758329620000e+16
2.580920245356645600e+16
2.580798091165109600e+16
2.580676352022034400e+16
2.580554677903814400e+16
2.580433046456701200e+16
2.580311135001764000e+16
2.580189870726886800e+16
2.580069295236899200e+16
2.579947209371222800e+16
2.579826605690809200e+16
2.579706618953094000e+16
2.579586852197072400e+16
2.579467103045587200e+16
2.579346722737839200e+16
2.579226911757688400e+16
2.579107934407280000e+16
