2.614678002748318800e+16
2.614511631218944400e+16
2.614346151812248800e+16
2.614179706504182400e+16
2.614011717897947600e+16
2.613844690467818400e+16
2.613678787992384800e+16
2.613513879718868000e+16
2.613350183250454400e+16
2.613185587071488000e+16
2.613021320111062400e+16
2.612858080906558000e+16
2.612695828700936400e+16
2.612534592363595200e+16
2.612372448292263200e+16
2.612212800036063200e+16
2.612054103404024000e+16
2.611895187972515200e+16
2.611736686645693600e+16
2.611579240780656800e+16
2.611422715729760000e+16
2.611267540534935200e+16
2.611112333775666000e+16
2.610958572453012800e+16
2.610805416105273200e+16
2.610653303508061600e+16
2.610502222520144400e+16
2.610351886821184000e+16
2.610200557532230400e+16
2.610049731518156800e+16
2.609899669646612800e+16
2.609749892095051200e+16
2.609599381527194400e+16
2.609449377077835600e+16
2.609300220873760000e+16
2.609151403054997600e+16
2.609003289903549600e+16
2.608856569428686400e+16
2.608709941015858400e+16
2.608560073023437200e+16
2.608412637636092000e+16
2.608266225235285600e+16
2.608118384749422400e+16
2.607970990374887200e+16
2.607824585105718000e+16
2.607678225533504800e+16
2.607531516124160800e+16
2.607384763359787200e+16
2.607237916536071200e+16
2.607090495044627200e+16
2.606943644811311600e+16
2.606798031336161600e+16
2.606651795691687200e+16
2.606506253285473200e+16
2.606361100771944800e+16
2.606216116051939200e+16
2.606071761663357600e+16
2.605927700268795600e+16
2.605783266054504400e+16
2.605638761730697600e+16
2.605495249923847200e+16
2.605352892891454400e+16
2.605209863839715200e+16
2.605068100227432400e+16
2.604925933669978400e+16
2.604784937163948000e+16
2.604644077324079200e+16
2.604502935334896800e+16
2.604362109645148000e+16
2.604222197177643600e+16
2.604082032325563200e+16
2.603942350406913600e+16
2.603802796568905200e+16
2.603663563315806400e+16
2.603524819631074400e+16
2.603385660555832800e+16
2.603246232306072800e+16
2.603107509401577600e+16
2.602969730876721600e+16
2.602832220668302800e+16
2.602694460737860000e+16
2.602557459735776000e+16
2.602420818404424800e+16
2.602284569772970400e+16
2.602148545598875200e+16
2.602012804490288800e+16
2.601877477920885200e+16
2.601741872830866400e+16
2.601605788855337600e+16
2.601470079696266800e+16
2.601334623167903600e+16
2.601200166743838000e+16
2.601065646288172800e+16
2.600929732803136000e+16
2.600793969589936800e+16
2.600658998164958000e+16
2.600524056729286000e+16
2.600389818287372800e+16
2.600255527579352000e+16
2.600121522080385600e+16
2.599987183143683200e+16
2.599853329794585600e+16
2.599719517863177600e+16
2.599586040253976800e+16
2.599450965494445600e+16
2.599317853287125600e+16
2.599184211553825600e+16
2.599050457716137600e+16
2.598916924036159200e+16
2.598784059820525600e+16
2.598650414274426400e+16
2.598516875852744400e+16
2.598382908542472400e+16
2.598249696121643200e+16
2.598116113729444000e+16
2.597982079094805200e+16
2.597848463653628000e+16
2.597714419996028800e+16
2.597580877081208800e+16
2.597446958453772800e+16
2.597311901624501200e+16
2.597177583828167600e+16
2.597043716352114400e+16
2.596910273304436000e+16
2.596776439728617600e+16
2.596642887661878800e+16
2.596509037458405600e+16
2.596374904764075200e+16
2.596241337060951200e+16
2.596106934110548800e+16
2.595972190534417600e+16
2.595837068837855200e+16
2.595701852456209600e+16
2.595566829159323200e+16
2.595431153631435200e+16
2.595296120859415200e+16
2.595160066517441600e+16
2.595026402284712400e+16
2.594893396782209600e+16
2.594760115081180000e+16
2.594627167978985600e+16
2.594494346536180400e+16
2.594362143061012000e+16
2.594230207987706400e+16
2.594098971622814400e+16
2.593966778542727200e+16
2.593834351677170000e+16
2.593702402095468000e+16
2.593570927968400800e+16
2.593440523996096400e+16
2.593309295098136800e+16
2.593179278053525600e+16
2.593049182733023600e+16
2.592919679556614400e+16
2.592789591052271200e+16
2.592660385194740000e+16
2.592531740661100000e+16
2.592402960770054000e+16
2.592274152586292800e+16
2.592145914825534800e+16
2.592017982082170800e+16
2.591890308554774000e+16
2.591763339507575200e+16
2.591635668100703200e+16
2.591508321712022400e+16
2.591381973292478800e+16
2.591255724220568000e+16
2.591129944637144000e+16
2.591004114110323200e+16
2.590878300570255200e+16
2.590750305350560400e+16
2.590624690866457600e+16
2.590498741263277200e+16
2.590374125352743200e+16
2.590249407253306400e+16
2.590124144833388800e+16
2.589998798812502400e+16
2.589874482567807200e+16
2.589750997865070800e+16
2.589627125750253200e+16
2.589503966480915200e+16
2.589382077229543200e+16
2.589260120394289200e+16
2.589139221312448800e+16
2.589017811018536000e+16
2.588896594094080800e+16
2.588775377157814000e+16
2.588655176059366800e+16
2.588535021818292400e+16
2.588415415673708000e+16
2.588295251736303600e+16
2.588174764463425600e+16
2.588055417150437600e+16
2.587935974569538400e+16
2.587816974220671200e+16
2.587698789979804400e+16
2.587580991941127600e+16
2.587463641878910000e+16
2.587346453129933600e+16
2.587228764493902400e+16
2.587111018230130800e+16
