2.614678002748318800e+16
2.614585079897189600e+16
2.614491912479419200e+16
2.614397978619007600e+16
2.614303933665059200e+16
2.614210169610262400e+16
2.614116832619978400e+16
2.614024205733589600e+16
2.613931452426984800e+16
2.613838635166598400e+16
2.613745686730602800e+16
2.613651564108628800e+16
2.613558789053980000e+16
2.613465232302615600e+16
2.613372811073144000e+16
2.613279885588164000e+16
2.613186963103335200e+16
2.613094103217477200e+16
2.613001421721547200e+16
2.612908641058719600e+16
2.612815478105152000e+16
2.612722708748468400e+16
2.612630661455908800e+16
2.612538569503187200e+16
2.612446202131403600e+16
2.612354333902211600e+16
2.612262754905797200e+16
2.612170903266334000e+16
2.612079884270688000e+16
2.611989369639942400e+16
2.611898614806988800e+16
2.611807950378273200e+16
2.611716909916809600e+16
2.611625616871832400e+16
2.611534758699675200e+16
2.611444766994307200e+16
2.611353481308464000e+16
2.611262766982447600e+16
2.611172019338533600e+16
2.611082084828462000e+16
2.610991645329439600e+16
2.610901356260854800e+16
2.610811079765638400e+16
2.610721249560252400e+16
2.610631099040378400e+16
2.610541097166856400e+16
2.610451105319654400e+16
2.610360883391995600e+16
2.610270098071808000e+16
2.610179568041839200e+16
2.610089502596834400e+16
2.609999188318652000e+16
2.609908643451172800e+16
2.609818826658557600e+16
2.609729284829692800e+16
2.609639941771691200e+16
2.609550029977546000e+16
2.609461465411068000e+16
2.609372841779598400e+16
2.609284668705948000e+16
2.609195983263216000e+16
2.609107440313982000e+16
2.609018913822085200e+16
2.608931361228882000e+16
2.608843881364812000e+16
2.608754743758171200e+16
2.608667196697166400e+16
2.608579361312173200e+16
2.608491619643291200e+16
2.608403959672032000e+16
2.608316352886180400e+16
2.608228878422681200e+16
2.608141262619738800e+16
2.608053876698481600e+16
2.607967252382818000e+16
2.607880876930506400e+16
2.607793715087415200e+16
2.607706581409061200e+16
2.607620898363964000e+16
2.607535039077958400e+16
2.607450260992488800e+16
2.607364901951750400e+16
2.607279409129008400e+16
2.607195016813827200e+16
2.607111129526577600e+16
2.607026375334622400e+16
2.606941619901214400e+16
2.606857358659758400e+16
2.606773074186228400e+16
2.606689089731401600e+16
2.606604974852844800e+16
2.606521246306344800e+16
2.606435527873975600e+16
2.606349509355649600e+16
2.606263833761379200e+16
2.606178769746987200e+16
2.606095780930116000e+16
2.606013245229856000e+16
2.605930790242286400e+16
2.605848907803220000e+16
2.605765451749370800e+16
2.605680813966232000e+16
2.605595001108541600e+16
2.605509460755374400e+16
2.605423979260472800e+16
2.605342223207076400e+16
2.605260220031970400e+16
2.605177834602864000e+16
2.605096174699611200e+16
2.605013215921532800e+16
2.604928420169186800e+16
2.604844191888231200e+16
2.604759849916418000e+16
2.604675277879372800e+16
2.604590788073152800e+16
2.604508303014466000e+16
2.604426697897814000e+16
2.604344889220125200e+16
2.604263337635764000e+16
2.604179865734761600e+16
2.604095814378449600e+16
2.604011741078320800e+16
2.603927781434076000e+16
2.603844231607090400e+16
2.603760459669353600e+16
2.603676772823167200e+16
2.603593893755066400e+16
2.603511455125697200e+16
2.603427780310644000e+16
2.603343822698633200e+16
2.603260746571782400e+16
2.603177655426766800e+16
2.603094241266192800e+16
2.603010747352126400e+16
2.602927094371185600e+16
2.602844147076185600e+16
2.602761313261462000e+16
2.602678250602684400e+16
2.602594836437144000e+16
2.602511477626709600e+16
2.602428154277660000e+16
2.602344739804616800e+16
2.602261088729919200e+16
2.602176793999332800e+16
2.602092306552381600e+16
2.602008727460492400e+16
2.601925353449522800e+16
2.601841558115515600e+16
2.601758327637448800e+16
2.601673747156977200e+16
2.601590308580014800e+16
2.601506811821312800e+16
2.601423712474720800e+16
2.601340996350411200e+16
2.601257374456393600e+16
2.601174580448527200e+16
2.601091679445686400e+16
2.601008971401120000e+16
2.600926816796056000e+16
2.600845063315536000e+16
2.600763356962750800e+16
2.600681232839881200e+16
2.600599935466136400e+16
2.600518922035308800e+16
2.600437817713716000e+16
2.600355567981824000e+16
2.600274621127936400e+16
2.600193858138719600e+16
2.600112211653712000e+16
2.600032088203861600e+16
2.599952168212726400e+16
2.599871263440764400e+16
2.599790350941330800e+16
2.599710048826088800e+16
2.599629989833322400e+16
2.599549826419924400e+16
2.599470649011140000e+16
2.599390427626806000e+16
2.599309738385407200e+16
2.599229631674398400e+16
2.599149755313620800e+16
2.599070084373835600e+16
2.598989393478663200e+16
2.598910148073338800e+16
2.598829858041126000e+16
2.598749645970602400e+16
2.598670262669015200e+16
2.598590609734063600e+16
2.598511299591842400e+16
2.598432253031342400e+16
2.598352635133680400e+16
2.598273458764584800e+16
2.598193713808184800e+16
2.598114357327776800e+16
2.598035267019626000e+16
2.597956110089658400e+16
2.597876823712456000e+16
2.597797884091396000e+16
2.597719350286135600e+16
2.597640583979989600e+16
2.597561632426676800e+16
