2.614678002748318800e+16
2.614187024122551200e+16
2.613697045508080000e+16
2.613207420707633600e+16
2.612718552774355600e+16
2.612230648797436800e+16
2.611743710085778800e+16
2.611257645973089200e+16
2.610771548556374800e+16
2.610285754721262000e+16
2.609799389252484800e+16
2.609312420117154400e+16
2.608826033869612000e+16
2.608338471596344400e+16
2.607851179716198800e+16
2.607363106972874000e+16
2.606875004255295600e+16
2.606386707591443200e+16
2.605898685860495200e+16
2.605409787250643600e+16
2.604921249130853200e+16
2.604433425579585600e+16
2.603945780927394400e+16
2.603458939891351200e+16
2.602972384121520800e+16
2.602486089676122400e+16
2.602000499735576800e+16
2.601515591800189600e+16
2.601032029543372800e+16
2.600550199328112000e+16
2.600070595469159200e+16
2.599592072186596000e+16
2.599117180945240000e+16
2.598646302064318400e+16
2.598182477737476000e+16
2.597727433040211200e+16
2.597280945710488400e+16
2.596849408777312400e+16
2.596436011495135600e+16
2.596043898306833200e+16
2.595672123388417600e+16
2.595315812257081600e+16
2.594971274003808400e+16
2.594637278165690400e+16
2.594312588321441600e+16
2.593995851238361600e+16
2.593686385828682800e+16
2.593382950710833600e+16
2.593085361872742400e+16
2.592793317524645600e+16
2.592507018794613200e+16
2.592226294210526400e+16
2.591950802712411600e+16
2.591680004771843200e+16
2.591414896561276000e+16
2.591154393140227200e+16
2.590898840839063200e+16
2.590648008321876000e+16
2.590402246173583200e+16
2.590159363082920800e+16
2.589919218431820800e+16
2.589682812437101200e+16
2.589449674321906400e+16
2.589218421807776800e+16
2.588988909127695200e+16
2.588762076542274400e+16
2.588536825822188400e+16
2.588313147564906400e+16
2.588087932784411600e+16
2.587869903208606400e+16
2.587651546858684800e+16
2.587435580960024000e+16
2.587221261009896800e+16
2.587009723930770000e+16
2.586800920282110400e+16
2.586592697377745600e+16
2.586386982146443200e+16
2.586182608056273600e+16
2.585980079561178400e+16
2.585779616175500800e+16
2.585580955885746000e+16
2.585384163949920000e+16
2.585189034160036000e+16
2.584995546588899600e+16
2.584804926523191200e+16
2.584615470704691600e+16
2.584426919643938400e+16
2.584239714661556000e+16
2.584053631391486000e+16
2.583868317093108000e+16
2.583684475083305600e+16
2.583498996859499200e+16
2.583313122416308000e+16
2.583128015893409600e+16
2.582944053708791600e+16
2.582761274395929600e+16
2.582580280852083200e+16
2.582400395287286400e+16
2.582220413241886400e+16
2.582040990787638800e+16
2.581860314842064800e+16
2.581677043411236800e+16
2.581496234907553600e+16
2.581316050333308000e+16
2.581137077798920400e+16
2.580960441686172000e+16
2.580785317986549600e+16
2.580610787525610800e+16
2.580436424156263200e+16
2.580262093305316000e+16
2.580086741499509200e+16
2.579911544554260400e+16
2.579737940611398800e+16
2.579565051012528000e+16
2.579391428144359200e+16
2.579225374185081600e+16
2.579059143397542000e+16
2.578892940036453600e+16
2.578726299550061600e+16
2.578558418925031200e+16
2.578390532515872800e+16
2.578222775777714400e+16
2.578054869646349600e+16
2.577888221580716800e+16
2.577720889341729200e+16
2.577555091172947200e+16
2.577389724930724400e+16
2.577223512696074400e+16
2.577058631917457600e+16
2.576894003833478800e+16
2.576729350895157200e+16
2.576564297429163600e+16
2.576398820761885600e+16
2.576233856302040400e+16
2.576068511733602400e+16
2.575904457790469200e+16
2.575739575873120000e+16
2.575575421351716000e+16
2.575411010457873600e+16
2.575246442446014000e+16
2.575082169516017600e+16
2.574917260839324800e+16
2.574751584609774800e+16
2.574586374922581600e+16
2.574421544974296000e+16
2.574256458651877600e+16
2.574092128293661600e+16
2.573927642653069600e+16
2.573762668025858800e+16
2.573598236036742800e+16
2.573433579080636800e+16
2.573268900296824000e+16
2.573107680587452800e+16
2.572947679532502400e+16
2.572787828374920000e+16
2.572627961996880800e+16
2.572467380406299200e+16
2.572304608022530800e+16
2.572138294774508000e+16
2.571977430579677600e+16
2.571815590805969600e+16
2.571654104248519600e+16
2.571492900805630000e+16
2.571334231144201200e+16
2.571175516504780800e+16
2.571016536607440000e+16
2.570856190910382000e+16
2.570693685910240800e+16
2.570530886140768800e+16
2.570368043525843600e+16
2.570204918831976000e+16
2.570041889565380800e+16
2.569878109948466800e+16
2.569714523517735200e+16
2.569550731026024800e+16
2.569386656923476400e+16
2.569222227453298400e+16
2.569057859396865600e+16
2.568893012221256800e+16
2.568727706700444800e+16
2.568562256803312800e+16
2.568396541551744000e+16
2.568230637134726400e+16
2.568064363268224000e+16
2.567898082102364400e+16
2.567731345072896800e+16
2.567564019857766000e+16
2.567396748080764000e+16
2.567229263791759200e+16
2.567061052727237600e+16
2.566892702760775200e+16
2.566724072546642400e+16
2.566555424707164000e+16
2.566386001626529600e+16
2.566215884088405200e+16
2.566045320195335200e+16
2.565874865767322400e+16
2.565703123763696800e+16
2.565530174652177200e+16
2.565357420869373200e+16
2.565184722669026400e+16
