2.614678002748318800e+16
2.614172933092262400e+16
2.613669281812270000e+16
2.613166436780684800e+16
2.612665788682513600e+16
2.612166728715490800e+16
2.611669325596305200e+16
2.611174893241088000e+16
2.610681452938934400e+16
2.610188246604190400e+16
2.609695562226182400e+16
2.609203133010093200e+16
2.608712825800226400e+16
2.608222947188680800e+16
2.607734680136581200e+16
2.607246759072702400e+16
2.606759673353614400e+16
2.606273502489130000e+16
2.605788345095817600e+16
2.605304262368779200e+16
2.604821206261707600e+16
2.604339446061676000e+16
2.603858514076895200e+16
2.603379566502987200e+16
2.602902045140402000e+16
2.602425801165724400e+16
2.601946957554672400e+16
2.601474668813063600e+16
2.601003517294233600e+16
2.600533605866893600e+16
2.600065199497835600e+16
2.599598852408395200e+16
2.599135006241147200e+16
2.598672392492472800e+16
2.598211693351342800e+16
2.597752180072376000e+16
2.597293274035946400e+16
2.596836360165308400e+16
2.596381299095291200e+16
2.595928259258050400e+16
2.595477608080884000e+16
2.595029457139924800e+16
2.594583575018262000e+16
2.594140780229898800e+16
2.593701038410580400e+16
2.593266132428189200e+16
2.592835664836973200e+16
2.592410218522515600e+16
2.591990346479598400e+16
2.591574876599898400e+16
2.591164786960858400e+16
2.590758809961112000e+16
2.590357347231746400e+16
2.589959756127692800e+16
2.589565681003242000e+16
2.589174722311600800e+16
2.588786809394412800e+16
2.588403663455364400e+16
2.588023320850142000e+16
2.587645624341740000e+16
2.587271478494835200e+16
2.586899183728456000e+16
2.586528152351704800e+16
2.586158524724203200e+16
2.585790026273100800e+16
2.585422498962874000e+16
2.585053747124173600e+16
2.584685086931314800e+16
2.584317280783656000e+16
2.583951137481241600e+16
2.583580626563298400e+16
2.583219746553611200e+16
2.582858379702120000e+16
2.582497606603622800e+16
2.582137257181120400e+16
2.581775918327627200e+16
2.581413444388877200e+16
2.581052055859476000e+16
2.580691641099791200e+16
2.580334720337159600e+16
2.579977775840935600e+16
2.579621468537308800e+16
2.579265636176363200e+16
2.578910302693989200e+16
2.578553227396579200e+16
2.578196556576089600e+16
2.577840436394421200e+16
2.577485067010524000e+16
2.577131708645961200e+16
2.576781007773490400e+16
2.576430869285192800e+16
2.576081338856664800e+16
2.575732718602263600e+16
2.575382576922956400e+16
2.575033566313543200e+16
2.574685316037866400e+16
2.574338254845387200e+16
2.573992964092024800e+16
2.573651034579400400e+16
2.573309333975967200e+16
2.572969004386666000e+16
2.572629318327343200e+16
2.572288948244382400e+16
2.571948297838754800e+16
2.571608843453689200e+16
2.571269939370478800e+16
2.570931035281990800e+16
2.570595241213546400e+16
2.570261494829656000e+16
2.569928340294028400e+16
2.569596609189705200e+16
2.569263600651522800e+16
2.568930041455408400e+16
2.568597956082755200e+16
2.568266880028877600e+16
2.567936119844440000e+16
2.567606780314579200e+16
2.567280196722419200e+16
2.566946628391475200e+16
2.566624638146244000e+16
2.566300969263075600e+16
2.565979005041853600e+16
2.565657274682001600e+16
2.565337142200698400e+16
2.565018687482645600e+16
2.564701665456106400e+16
2.564385960045236400e+16
2.564071749653122400e+16
2.563758574171922400e+16
2.563446469786484800e+16
2.563135852096406400e+16
2.562826742796748000e+16
2.562518476944189600e+16
2.562211699939478000e+16
2.561905853635966800e+16
2.561601001349032000e+16
2.561297208902626800e+16
2.560995318877708000e+16
2.560693806375739200e+16
2.560392874954998000e+16
2.560092843281833200e+16
2.559795261929260000e+16
2.559496019196798400e+16
2.559198591060459600e+16
2.558901214143109600e+16
2.558606107187280000e+16
2.558313569937291200e+16
2.558021726309072000e+16
2.557731447113347200e+16
2.557437913180177200e+16
2.557154880473457200e+16
2.556874657122935600e+16
2.556598454929555600e+16
2.556323887872125200e+16
2.556052322991852800e+16
2.555782137247820000e+16
2.555513435433262400e+16
2.555245179480795200e+16
2.554979726455460400e+16
2.554718425681827600e+16
2.554456424029651600e+16
2.554205152736160800e+16
2.553957349967463200e+16
2.553714851381133200e+16
2.553474598081706000e+16
2.553236414908402400e+16
2.553000976587708800e+16
2.552766962463066800e+16
2.552533615533658400e+16
2.552304173572134800e+16
2.552072020865880800e+16
2.551847355922661200e+16
2.551622725511140800e+16
2.551399741738370800e+16
2.551177629686262800e+16
2.550956728714636800e+16
2.550736946580142000e+16
2.550518453065941600e+16
2.550301071513690400e+16
2.550083580556970400e+16
2.549868301015210800e+16
2.549654060577945200e+16
2.549440576849213600e+16
2.549227794526969600e+16
2.549015796649602400e+16
2.548804904060199600e+16
2.548595448205394800e+16
2.548385572157446000e+16
2.548177670869754800e+16
2.547970406184682400e+16
2.547763906385618800e+16
2.547557714095523200e+16
2.547352672487209600e+16
2.547149448250860800e+16
2.546946628327131600e+16
2.546745021537706000e+16
2.546544109082359200e+16
2.546344394504166400e+16
2.546145361424118800e+16
2.545947691995007200e+16
2.545750457159092000e+16
