2.614678002748318800e+16
2.614523520494447600e+16
2.614368962502650400e+16
2.614213913843327200e+16
2.614058946621878400e+16
2.613904456397739200e+16
2.613750488847284000e+16
2.613597485395856800e+16
2.613444462448078800e+16
2.613291588229896000e+16
2.613138875640149200e+16
2.612985188549262400e+16
2.612833237995579600e+16
2.612680741850054800e+16
2.612529826789081200e+16
2.612378900673403200e+16
2.612228190533945600e+16
2.612078628858753600e+16
2.611930185171668000e+16
2.611781627597545600e+16
2.611633720798188800e+16
2.611486639477590400e+16
2.611340400822734400e+16
2.611195115052647200e+16
2.611050582761726400e+16
2.610907138340935200e+16
2.610765199847080400e+16
2.610625375790996800e+16
2.610488213629898400e+16
2.610353877367288000e+16
2.610221225099143600e+16
2.610090628293081200e+16
2.609962333821412400e+16
2.609835004266330000e+16
2.609710442056831200e+16
2.609587580131158400e+16
2.609464546651512000e+16
2.609343063510218400e+16
2.609219440541323200e+16
2.609102385716325600e+16
2.608985504183815200e+16
2.608869607780208800e+16
2.608755022943373200e+16
2.608641731441094000e+16
2.608528918915860800e+16
2.608418215651893600e+16
2.608308840111616400e+16
2.608199312625374400e+16
2.608091790033046400e+16
2.607985252275098400e+16
2.607877486155857600e+16
2.607769969963091600e+16
2.607663815921140800e+16
2.607558306659003600e+16
2.607453560522339200e+16
2.607348389746840400e+16
2.607245045031460800e+16
2.607142301464975600e+16
2.607039711751365200e+16
2.606939054673395600e+16
2.606837203788249600e+16
2.606737106017690800e+16
2.606637805219534400e+16
2.606538884787160800e+16
2.606440944079631200e+16
2.606342237880195600e+16
2.606240884136016000e+16
2.606144700958910800e+16
2.606048801187844400e+16
2.605951797543265600e+16
2.605856381741379200e+16
2.605761194917441600e+16
2.605666966644458400e+16
2.605572234441707600e+16
2.605476974200526000e+16
2.605382989711580800e+16
2.605289295541937600e+16
2.605195517824709600e+16
2.605102701349206800e+16
2.605009241741064800e+16
2.604916865739400800e+16
2.604825088620308800e+16
2.604734158413229600e+16
2.604643000662861200e+16
2.604552644788078800e+16
2.604462843159052800e+16
2.604370578800970400e+16
2.604278692255556000e+16
2.604187723599609600e+16
2.604096842269482800e+16
2.604006801355000000e+16
2.603919588161507200e+16
2.603832359544076400e+16
2.603744748891566000e+16
2.603657256147662800e+16
2.603569507393415200e+16
2.603480508733304000e+16
2.603391518985586400e+16
2.603302713596186400e+16
2.603214193608389600e+16
2.603128045706762000e+16
2.603043195942644800e+16
2.602957951751325600e+16
2.602872176138791200e+16
2.602783920862861200e+16
2.602695251476736000e+16
2.602606534706555600e+16
2.602518213499361600e+16
2.602429830921076800e+16
2.602341248424372800e+16
2.602253273699274400e+16
2.602168598661586400e+16
2.602083854824943600e+16
2.601998362633325200e+16
2.601911331683164800e+16
2.601823610904148000e+16
2.601736604369644000e+16
2.601649588965711600e+16
2.601561901397712000e+16
2.601475234256377600e+16
2.601387801275271200e+16
2.601300145916016800e+16
2.601213296100854400e+16
2.601127148833100800e+16
2.601040286971133200e+16
2.600954082083233200e+16
2.600869073569983200e+16
2.600783332419106000e+16
2.600695606252464400e+16
2.600608836662102000e+16
2.600522423045533200e+16
2.600435417453488400e+16
2.600349030289251600e+16
2.600263677343453200e+16
2.600177988462096800e+16
2.600091989425197600e+16
2.600006424830699600e+16
2.599920064756927600e+16
2.599834081064396800e+16
2.599748382242122400e+16
2.599662004002918400e+16
2.599575616586596000e+16
2.599489043516604400e+16
2.599403234924369600e+16
2.599317123666032000e+16
2.599231518132383600e+16
2.599145408071108800e+16
2.599059008175546400e+16
2.598972521202476800e+16
2.598886997174684800e+16
2.598804936266387200e+16
2.598723589199213600e+16
2.598638895181732800e+16
2.598556727276026400e+16
2.598474642012359200e+16
2.598389717806453600e+16
2.598303528496639200e+16
2.598220107906012000e+16
2.598135725843969600e+16
2.598051188608272800e+16
2.597970751235022800e+16
2.597890841650676800e+16
2.597810782791164400e+16
2.597731058926517600e+16
2.597648529767774000e+16
2.597565284921809600e+16
2.597482050850487200e+16
2.597399291089543200e+16
2.597316449320598000e+16
2.597233395313970400e+16
2.597150673133438400e+16
2.597067514736348800e+16
2.596985038191667600e+16
2.596902265727309600e+16
2.596820332211262400e+16
2.596738177908391200e+16
2.596656554852480000e+16
2.596574323436434000e+16
2.596491932333150400e+16
2.596410486852592400e+16
2.596328819631935600e+16
2.596247548828832400e+16
2.596165548193615600e+16
2.596082062664580000e+16
2.596000614945380400e+16
2.595919257992538400e+16
2.595837556664574400e+16
2.595756088249763200e+16
2.595674111147690400e+16
2.595592368873305600e+16
2.595507938867097200e+16
2.595427598888788000e+16
2.595346117163960800e+16
2.595264724045302400e+16
2.595184215195756800e+16
2.595103882125608000e+16
2.595022995328863600e+16
2.594941913760442400e+16
2.594861020238572000e+16
2.594780576079108000e+16
2.594700294956108800e+16
