# IMAUICE submission to LARMIP2
# Date: 08 Oct 2020
# Contributors: Heiko Goelzer, Roderik van de Wal
# Contact: Heiko Goelzer, IMAU/NORCE, heig@norceresearch.no
#
# Description: tab separated ascii file in column order
# C1: time [yr];
# C2: mass change [kg] unforced control experiment
# C3-7: mass change [kg] for forcing individual LARMIP regions 1-5 relative
#       to control experiment in C2
# C8: mass change [kg] for forcing all LARMIP regions 1-5 simultaniously (ADD3) 
#     relative to control experiment in C2
-0	-0	0	0	0	0	0	0
1	-0	4.90162e+15	7.55145e+15	1.23365e+15	5.24467e+15	7.91648e+14	1.97186e+16
2	-0	1.03398e+16	1.59385e+16	2.58605e+15	1.10699e+16	1.64487e+15	4.15725e+16
3	-0	1.58132e+16	2.43278e+16	3.92526e+15	1.68841e+16	2.4695e+15	6.34242e+16
4	-2.19902e+12	2.13657e+16	3.27369e+16	5.26666e+15	2.27137e+16	3.27435e+15	8.53749e+16
5	-2.19902e+12	2.70546e+16	4.11701e+16	6.62346e+15	2.85587e+16	4.0594e+15	1.0751e+17
6	-0	3.29106e+16	4.96429e+16	8.00884e+15	3.44411e+16	4.82686e+15	1.29923e+17
7	-0	3.89557e+16	5.81752e+16	9.4492e+15	4.03895e+16	5.58772e+15	1.52713e+17
8	-0	4.53153e+16	6.67777e+16	1.09467e+16	4.64148e+16	6.33978e+15	1.76063e+17
9	-0	5.18442e+16	7.54661e+16	1.25234e+16	5.25149e+16	7.08745e+15	1.99823e+17
10	-0	5.86304e+16	8.42666e+16	1.42189e+16	5.86831e+16	7.83292e+15	2.2399e+17
11	-0	6.36947e+16	9.31572e+16	1.59715e+16	6.48888e+16	8.57839e+15	2.46198e+17
12	-0	6.76815e+16	1.01529e+17	1.77175e+16	7.06964e+16	9.31286e+15	2.66568e+17
13	2.19902e+12	7.12637e+16	1.08429e+17	1.94262e+16	7.62379e+16	1.00297e+16	2.84835e+17
14	2.19902e+12	7.43952e+16	1.13558e+17	2.08709e+16	8.15376e+16	1.07334e+16	3.00259e+17
15	2.19902e+12	7.72891e+16	1.16432e+17	2.20848e+16	8.66965e+16	1.14239e+16	3.12697e+17
16	4.39805e+12	7.98311e+16	1.18008e+17	2.2982e+16	9.18466e+16	1.20968e+16	3.22817e+17
17	2.19902e+12	8.2349e+16	1.19427e+17	2.38264e+16	9.70319e+16	1.24992e+16	3.32604e+17
18	-0	8.47592e+16	1.20795e+17	2.47126e+16	1.02215e+17	1.27038e+16	3.42289e+17
19	2.19902e+12	8.6967e+16	1.22206e+17	2.56494e+16	1.07376e+17	1.28775e+16	3.5178e+17
20	2.19902e+12	8.90626e+16	1.23677e+17	2.65598e+16	1.12904e+17	1.30292e+16	3.61702e+17
21	2.19902e+12	9.10769e+16	1.25204e+17	2.74702e+16	1.18197e+17	1.31634e+16	3.71364e+17
22	2.19902e+12	9.30121e+16	1.26651e+17	2.8396e+16	1.23378e+17	1.32821e+16	3.80917e+17
23	-0	9.48065e+16	1.28018e+17	2.93064e+16	1.28445e+17	1.33986e+16	3.90258e+17
24	2.19902e+12	9.66295e+16	1.29373e+17	3.0186e+16	1.3347e+17	1.35152e+16	3.99686e+17
25	2.19902e+12	9.84921e+16	1.30807e+17	3.10722e+16	1.38516e+17	1.36295e+16	4.09251e+17
26	2.19902e+12	1.00401e+17	1.32282e+17	3.20134e+16	1.43638e+17	1.37417e+16	4.1885e+17
27	2.19902e+12	1.02321e+17	1.33734e+17	3.30975e+16	1.48845e+17	1.38472e+16	4.28675e+17
28	2.19902e+12	1.04262e+17	1.3502e+17	3.40849e+16	1.5413e+17	1.39418e+16	4.38443e+17
29	2.19902e+12	1.06239e+17	1.36142e+17	3.47644e+16	1.59324e+17	1.40386e+16	4.47644e+17
30	2.19902e+12	1.08383e+17	1.3727e+17	3.53691e+16	1.64381e+17	1.41221e+16	4.56706e+17
31	4.39805e+12	1.10516e+17	1.38371e+17	3.59408e+16	1.69426e+17	1.42101e+16	4.65518e+17
32	4.39805e+12	1.12401e+17	1.39348e+17	3.65412e+16	1.74534e+17	1.43024e+16	4.74378e+17
33	6.59707e+12	1.14189e+17	1.40353e+17	3.72603e+16	1.79594e+17	1.43882e+16	4.83176e+17
34	6.59707e+12	1.15957e+17	1.41428e+17	3.78914e+16	1.8463e+17	1.44762e+16	4.91961e+17
35	8.79609e+12	1.17755e+17	1.42512e+17	3.85269e+16	1.89589e+17	1.45663e+16	5.00713e+17
36	1.09951e+13	1.19565e+17	1.43526e+17	3.90613e+16	1.94532e+17	1.46565e+16	5.09454e+17
37	1.09951e+13	1.21399e+17	1.44597e+17	3.95406e+16	1.99427e+17	1.4751e+16	5.18094e+17
38	1.09951e+13	1.23216e+17	1.4572e+17	4.00156e+16	2.04331e+17	1.48478e+16	5.26807e+17
39	8.79609e+12	1.2521e+17	1.46895e+17	4.04906e+16	2.0916e+17	1.49534e+16	5.3555e+17
40	8.79609e+12	1.27126e+17	1.48012e+17	4.0981e+16	2.14024e+17	1.50677e+16	5.44245e+17
41	8.79609e+12	1.29025e+17	1.49131e+17	4.15967e+16	2.18955e+17	1.51865e+16	5.53173e+17
42	6.59707e+12	1.3087e+17	1.5029e+17	4.21069e+16	2.23942e+17	1.53118e+16	5.61927e+17
43	6.59707e+12	1.32711e+17	1.51405e+17	4.25775e+16	2.28929e+17	1.54349e+16	5.7055e+17
44	6.59707e+12	1.34569e+17	1.5243e+17	4.30481e+16	2.34073e+17	1.55647e+16	5.79297e+17
45	6.59707e+12	1.36639e+17	1.53406e+17	4.35253e+16	2.39504e+17	1.56988e+16	5.88525e+17
46	6.59707e+12	1.3849e+17	1.54303e+17	4.40135e+16	2.44679e+17	1.58352e+16	5.97349e+17
47	6.59707e+12	1.40177e+17	1.55123e+17	4.4539e+16	2.49939e+17	1.59759e+16	6.06057e+17
48	6.59707e+12	1.41793e+17	1.55933e+17	4.508e+16	2.55142e+17	1.61166e+16	6.14601e+17
49	4.39805e+12	1.43409e+17	1.5676e+17	4.54846e+16	2.60296e+17	1.62684e+16	6.23157e+17
50	4.39805e+12	1.45039e+17	1.57624e+17	4.59068e+16	2.65286e+17	1.64201e+16	6.31632e+17
51	6.59707e+12	1.46657e+17	1.5853e+17	4.63488e+16	2.70295e+17	1.65718e+16	6.40158e+17
52	6.59707e+12	1.48318e+17	1.59462e+17	4.6815e+16	2.75551e+17	1.67368e+16	6.48866e+17
53	6.59707e+12	1.49956e+17	1.60463e+17	4.72834e+16	2.804e+17	1.69061e+16	6.57136e+17
54	8.79609e+12	1.5159e+17	1.61487e+17	4.77496e+16	2.85625e+17	1.7082e+16	6.65737e+17
55	1.09951e+13	1.5312e+17	1.62512e+17	4.82202e+16	2.90731e+17	1.72689e+16	6.7424e+17
56	1.09951e+13	1.54532e+17	1.63601e+17	4.86842e+16	2.95505e+17	1.74646e+16	6.82282e+17
57	1.09951e+13	1.55931e+17	1.64779e+17	4.91526e+16	3.00347e+17	1.7667e+16	6.90482e+17
58	8.79609e+12	1.57393e+17	1.65831e+17	4.95924e+16	3.05165e+17	1.78803e+16	6.98577e+17
59	8.79609e+12	1.59097e+17	1.66796e+17	5.00036e+16	3.09906e+17	1.81002e+16	7.0681e+17
60	8.79609e+12	1.60674e+17	1.6786e+17	5.04104e+16	3.14496e+17	1.83267e+16	7.14658e+17
61	8.79609e+12	1.62332e+17	1.68828e+17	5.07996e+16	3.18773e+17	1.84806e+16	7.22225e+17
62	8.79609e+12	1.64038e+17	1.69639e+17	5.11735e+16	3.23105e+17	1.86037e+16	7.29805e+17
63	6.59707e+12	1.65538e+17	1.70387e+17	5.15517e+16	3.27595e+17	1.87335e+16	7.37225e+17
64	6.59707e+12	1.66829e+17	1.71163e+17	5.19365e+16	3.32334e+17	1.88654e+16	7.4458e+17
65	6.59707e+12	1.68113e+17	1.71944e+17	5.23302e+16	3.36314e+17	1.90128e+16	7.51274e+17
66	6.59707e+12	1.69362e+17	1.72711e+17	5.27084e+16	3.40446e+17	1.91733e+16	7.57992e+17
67	8.79609e+12	1.70616e+17	1.73481e+17	5.308e+16	3.444e+17	1.9347e+16	7.64616e+17
68	8.79609e+12	1.71865e+17	1.74255e+17	5.34649e+16	3.4824e+17	1.95273e+16	7.71149e+17
69	1.09951e+13	1.7301e+17	1.7493e+17	5.38563e+16	3.52006e+17	1.97296e+16	7.77572e+17
70	1.09951e+13	1.74213e+17	1.75616e+17	5.42213e+16	3.5576e+17	1.99012e+16	7.83965e+17
71	1.09951e+13	1.75506e+17	1.76307e+17	5.46083e+16	3.59404e+17	2.00375e+16	7.90347e+17
72	1.09951e+13	1.76821e+17	1.76986e+17	5.50262e+16	3.62885e+17	2.01782e+16	7.96629e+17
73	1.09951e+13	1.7824e+17	1.77657e+17	5.54726e+16	3.66467e+17	2.03256e+16	8.03037e+17
74	1.09951e+13	1.79673e+17	1.78255e+17	5.5941e+16	3.70131e+17	2.04839e+16	8.09652e+17
75	1.31941e+13	1.81092e+17	1.7884e+17	5.64181e+16	3.73889e+17	2.0651e+16	8.16262e+17
76	1.31941e+13	1.82378e+17	1.79464e+17	5.69239e+16	3.77542e+17	2.08357e+16	8.22707e+17
77	1.31941e+13	1.83519e+17	1.80102e+17	5.74825e+16	3.81084e+17	2.10337e+16	8.29023e+17
78	1.31941e+13	1.84641e+17	1.80758e+17	5.80476e+16	3.84618e+17	2.1258e+16	8.35319e+17
79	1.31941e+13	1.85721e+17	1.81444e+17	5.86172e+16	3.88233e+17	2.15086e+16	8.41628e+17
80	1.09951e+13	1.86809e+17	1.82176e+17	5.92043e+16	3.91578e+17	2.17923e+16	8.4762e+17
81	1.09951e+13	1.87951e+17	1.8293e+17	5.9809e+16	3.94784e+17	2.21112e+16	8.5332e+17
82	8.79609e+12	1.89131e+17	1.83698e+17	6.04094e+16	3.98025e+17	2.23135e+16	8.59198e+17
83	8.79609e+12	1.90292e+17	1.84461e+17	6.10251e+16	4.01273e+17	2.24894e+16	8.65089e+17
84	8.79609e+12	1.91416e+17	1.85248e+17	6.14781e+16	4.04559e+17	2.26631e+16	8.71055e+17
85	8.79609e+12	1.92489e+17	1.86059e+17	6.19443e+16	4.08016e+17	2.28501e+16	8.77265e+17
86	1.09951e+13	1.93532e+17	1.86904e+17	6.24039e+16	4.11615e+17	2.30436e+16	8.83686e+17
87	1.09951e+13	1.94578e+17	1.87812e+17	6.30658e+16	4.15319e+17	2.32547e+16	8.904e+17
88	1.09951e+13	1.95638e+17	1.88661e+17	6.35342e+16	4.19099e+17	2.34768e+16	8.97028e+17
89	1.09951e+13	1.96692e+17	1.89503e+17	6.39674e+16	4.2302e+17	2.37143e+16	9.03748e+17
90	1.31941e+13	1.97716e+17	1.90374e+17	6.4394e+16	4.27191e+17	2.39606e+16	9.10574e+17
91	1.31941e+13	1.98776e+17	1.9126e+17	6.48404e+16	4.31321e+17	2.42244e+16	9.17175e+17
92	1.31941e+13	1.99854e+17	1.92142e+17	6.53022e+16	4.35321e+17	2.45059e+16	9.23997e+17
93	1.53932e+13	2.00914e+17	1.92975e+17	6.5786e+16	4.39275e+17	2.47896e+16	9.30675e+17
94	1.75922e+13	2.01978e+17	1.93809e+17	6.63028e+16	4.43178e+17	2.50711e+16	9.3727e+17
95	1.53932e+13	2.03036e+17	1.9466e+17	6.68261e+16	4.47187e+17	2.53525e+16	9.4401e+17
96	1.53932e+13	2.04083e+17	1.95517e+17	6.73231e+16	4.5135e+17	2.56274e+16	9.50919e+17
97	1.75922e+13	2.05156e+17	1.96412e+17	6.78179e+16	4.55545e+17	2.58979e+16	9.57745e+17
98	1.75922e+13	2.06286e+17	1.97358e+17	6.82929e+16	4.59616e+17	2.61618e+16	9.64417e+17
99	1.75922e+13	2.07449e+17	1.98345e+17	6.87591e+16	4.63805e+17	2.63993e+16	9.71172e+17
100	1.53932e+13	2.08628e+17	1.9937e+17	6.92231e+16	4.68084e+17	2.66236e+16	9.77923e+17
101	1.53932e+13	2.09809e+17	2.00274e+17	6.96826e+16	4.72379e+17	2.68523e+16	9.84811e+17
102	1.53932e+13	2.11005e+17	2.01299e+17	7.01378e+16	4.76425e+17	2.70964e+16	9.91456e+17
103	1.53932e+13	2.12208e+17	2.02176e+17	7.05711e+16	4.80533e+17	2.73383e+16	9.98117e+17
104	1.53932e+13	2.13413e+17	2.03038e+17	7.10109e+16	4.84577e+17	2.75801e+16	1.00505e+18
105	1.53932e+13	2.14561e+17	2.03887e+17	7.14529e+16	4.88423e+17	2.77913e+16	1.0119e+18
106	1.31941e+13	2.1563e+17	2.04758e+17	7.18993e+16	4.92342e+17	2.79628e+16	1.01832e+18
107	1.31941e+13	2.16681e+17	2.05508e+17	7.23347e+16	4.96251e+17	2.81409e+16	1.02434e+18
108	1.31941e+13	2.1734e+17	2.06251e+17	7.29746e+16	5.00124e+17	2.83366e+16	1.03027e+18
109	1.31941e+13	2.18306e+17	2.0695e+17	7.33682e+16	5.04467e+17	2.85455e+16	1.03616e+18
110	1.31941e+13	2.19265e+17	2.07601e+17	7.37552e+16	5.07974e+17	2.88314e+16	1.04199e+18
111	1.31941e+13	2.20591e+17	2.08294e+17	7.41401e+16	5.11453e+17	2.90997e+16	1.0477e+18
112	1.31941e+13	2.21248e+17	2.08982e+17	7.45205e+16	5.14772e+17	2.93152e+16	1.05351e+18
113	1.31941e+13	2.22677e+17	2.09657e+17	7.48987e+16	5.18246e+17	2.95065e+16	1.05956e+18
114	1.31941e+13	2.23757e+17	2.1035e+17	7.52748e+16	5.21958e+17	2.9667e+16	1.06578e+18
115	1.31941e+13	2.24848e+17	2.11047e+17	7.5653e+16	5.25626e+17	2.97946e+16	1.0717e+18
116	1.75922e+13	2.25941e+17	2.11682e+17	7.6029e+16	5.29307e+17	2.99023e+16	1.07763e+18
117	1.97912e+13	2.27021e+17	2.12296e+17	7.64073e+16	5.32984e+17	3.00123e+16	1.08358e+18
118	1.97912e+13	2.28111e+17	2.12907e+17	7.67877e+16	5.36709e+17	3.01266e+16	1.08979e+18
119	2.19902e+13	2.29217e+17	2.13534e+17	7.71659e+16	5.41301e+17	3.02366e+16	1.09652e+18
120	1.97912e+13	2.30323e+17	2.14185e+17	7.75442e+16	5.45078e+17	3.03443e+16	1.10277e+18
121	1.97912e+13	2.31414e+17	2.14873e+17	7.79026e+16	5.48694e+17	3.04301e+16	1.10894e+18
122	1.75922e+13	2.32496e+17	2.1561e+17	7.82544e+16	5.52375e+17	3.05136e+16	1.1152e+18
123	1.75922e+13	2.33565e+17	2.16375e+17	7.85799e+16	5.56195e+17	3.05994e+16	1.12172e+18
124	1.75922e+13	2.34636e+17	2.17178e+17	7.89098e+16	5.60052e+17	3.06808e+16	1.128e+18
125	1.75922e+13	2.35687e+17	2.18029e+17	7.92418e+16	5.63944e+17	3.07665e+16	1.13439e+18
126	1.75922e+13	2.36764e+17	2.18869e+17	7.95892e+16	5.67878e+17	3.08501e+16	1.14095e+18
127	1.75922e+13	2.3789e+17	2.19777e+17	7.99411e+16	5.71843e+17	3.09205e+16	1.14769e+18
128	1.75922e+13	2.38948e+17	2.20727e+17	8.02885e+16	5.75711e+17	3.0982e+16	1.15431e+18
129	1.75922e+13	2.40026e+17	2.21793e+17	8.06316e+16	5.79586e+17	3.10458e+16	1.16084e+18
130	1.75922e+13	2.41108e+17	2.22908e+17	8.09724e+16	5.83572e+17	3.1103e+16	1.1674e+18
131	1.75922e+13	2.42178e+17	2.23896e+17	8.13023e+16	5.87473e+17	3.11624e+16	1.17401e+18
132	1.75922e+13	2.43236e+17	2.24817e+17	8.16124e+16	5.9139e+17	3.12173e+16	1.18039e+18
133	1.97912e+13	2.44333e+17	2.25653e+17	8.19158e+16	5.94972e+17	3.12723e+16	1.187e+18
134	1.97912e+13	2.45455e+17	2.2659e+17	8.22193e+16	5.98752e+17	3.13317e+16	1.19369e+18
135	1.97912e+13	2.46587e+17	2.27634e+17	8.25183e+16	6.02642e+17	3.13867e+16	1.20048e+18
136	1.97912e+13	2.47738e+17	2.28773e+17	8.28174e+16	6.0668e+17	3.14438e+16	1.20747e+18
137	1.97912e+13	2.48925e+17	2.29994e+17	8.30901e+16	6.10594e+17	3.1501e+16	1.21453e+18
138	2.41893e+13	2.50137e+17	2.31284e+17	8.32682e+16	6.147e+17	3.1556e+16	1.22148e+18
139	2.41893e+13	2.51373e+17	2.32641e+17	8.34419e+16	6.18689e+17	3.1611e+16	1.22839e+18
140	2.41893e+13	2.52593e+17	2.34035e+17	8.37102e+16	6.22884e+17	3.16659e+16	1.23573e+18
141	2.41893e+13	2.53866e+17	2.35137e+17	8.40335e+16	6.2704e+17	3.17253e+16	1.24325e+18
142	2.19902e+13	2.5523e+17	2.36241e+17	8.42798e+16	6.31091e+17	3.17825e+16	1.25057e+18
143	2.19902e+13	2.56648e+17	2.37224e+17	8.44997e+16	6.35054e+17	3.18419e+16	1.25777e+18
144	1.97912e+13	2.57985e+17	2.38196e+17	8.47108e+16	6.38966e+17	3.19034e+16	1.26541e+18
145	1.97912e+13	2.59472e+17	2.3926e+17	8.49175e+16	6.43012e+17	3.1965e+16	1.27194e+18
146	1.97912e+13	2.60648e+17	2.40439e+17	8.51264e+16	6.46374e+17	3.2031e+16	1.27821e+18
147	1.97912e+13	2.61759e+17	2.41633e+17	8.53067e+16	6.49794e+17	3.20925e+16	1.28455e+18
148	1.75922e+13	2.6286e+17	2.42748e+17	8.54958e+16	6.53624e+17	3.21563e+16	1.29159e+18
149	1.97912e+13	2.63947e+17	2.43779e+17	8.56805e+16	6.57471e+17	3.22201e+16	1.29848e+18
150	1.75922e+13	2.64974e+17	2.44874e+17	8.58851e+16	6.61666e+17	3.22839e+16	1.30514e+18
151	1.97912e+13	2.66003e+17	2.4606e+17	8.60852e+16	6.65728e+17	3.23454e+16	1.31193e+18
152	1.97912e+13	2.67078e+17	2.47331e+17	8.62831e+16	6.69655e+17	3.24048e+16	1.31895e+18
153	2.19902e+13	2.68188e+17	2.48644e+17	8.647e+16	6.73761e+17	3.24686e+16	1.32625e+18
154	2.19902e+13	2.69319e+17	2.49899e+17	8.66481e+16	6.78093e+17	3.2528e+16	1.33373e+18
155	2.41893e+13	2.70497e+17	2.51144e+17	8.68196e+16	6.82546e+17	3.25807e+16	1.34184e+18
156	2.41893e+13	2.71986e+17	2.52371e+17	8.69934e+16	6.8758e+17	3.26093e+16	1.34885e+18
157	2.41893e+13	2.73132e+17	2.53631e+17	8.71473e+16	6.91575e+17	3.26401e+16	1.35536e+18
158	2.41893e+13	2.74256e+17	2.54895e+17	8.731e+16	6.94957e+17	3.26665e+16	1.36171e+18
159	2.63883e+13	2.75386e+17	2.56261e+17	8.74749e+16	6.98262e+17	3.26951e+16	1.36825e+18
160	2.41893e+13	2.7654e+17	2.5771e+17	8.76487e+16	7.01664e+17	3.27259e+16	1.37462e+18
161	2.41893e+13	2.77712e+17	2.59223e+17	8.78202e+16	7.052e+17	3.27545e+16	1.38116e+18
162	2.41893e+13	2.78904e+17	2.6082e+17	8.79983e+16	7.08763e+17	3.27808e+16	1.3878e+18
163	2.41893e+13	2.79991e+17	2.62511e+17	8.81742e+16	7.12398e+17	3.28072e+16	1.39453e+18
164	2.19902e+13	2.81075e+17	2.64107e+17	8.83568e+16	7.16149e+17	3.28358e+16	1.40104e+18
165	2.19902e+13	2.82183e+17	2.65822e+17	8.85745e+16	7.1967e+17	3.28622e+16	1.40745e+18
166	2.41893e+13	2.83298e+17	2.67199e+17	8.88779e+16	7.23382e+17	3.28864e+16	1.41386e+18
167	2.41893e+13	2.84439e+17	2.6851e+17	8.91242e+16	7.27279e+17	3.29106e+16	1.42056e+18
168	2.41893e+13	2.85614e+17	2.69873e+17	8.93485e+16	7.31529e+17	3.29392e+16	1.42769e+18
169	2.41893e+13	2.86808e+17	2.71278e+17	8.9564e+16	7.3598e+17	3.29634e+16	1.43553e+18
170	2.41893e+13	2.88013e+17	2.72747e+17	8.97773e+16	7.39441e+17	3.29897e+16	1.4423e+18
171	2.41893e+13	2.89139e+17	2.7417e+17	8.99928e+16	7.427e+17	3.30139e+16	1.44908e+18
172	2.41893e+13	2.90209e+17	2.755e+17	9.02083e+16	7.45981e+17	3.30403e+16	1.45568e+18
173	2.41893e+13	2.91298e+17	2.7691e+17	9.04722e+16	7.49456e+17	3.30645e+16	1.46208e+18
174	2.41893e+13	2.92409e+17	2.7841e+17	9.07823e+16	7.52671e+17	3.30887e+16	1.46814e+18
175	2.41893e+13	2.93475e+17	2.79953e+17	9.10396e+16	7.55824e+17	3.31129e+16	1.47439e+18
176	2.41893e+13	2.94564e+17	2.81479e+17	9.13034e+16	7.59096e+17	3.31371e+16	1.48119e+18
177	2.63883e+13	2.95681e+17	2.82885e+17	9.15585e+16	7.62782e+17	3.31591e+16	1.48735e+18
178	2.63883e+13	2.96813e+17	2.84364e+17	9.18158e+16	7.6603e+17	3.31833e+16	1.49302e+18
179	2.63883e+13	2.97961e+17	2.85924e+17	9.20643e+16	7.69148e+17	3.32096e+16	1.49881e+18
180	2.63883e+13	2.99122e+17	2.87573e+17	9.2304e+16	7.72337e+17	3.32338e+16	1.50493e+18
181	2.63883e+13	3.00294e+17	2.89317e+17	9.25437e+16	7.75708e+17	3.32558e+16	1.51136e+18
182	2.63883e+13	3.01479e+17	2.90979e+17	9.27944e+16	7.79261e+17	3.32822e+16	1.51801e+18
183	2.63883e+13	3.0268e+17	2.92393e+17	9.30671e+16	7.82709e+17	3.33064e+16	1.52474e+18
184	2.85873e+13	3.03907e+17	2.93741e+17	9.33353e+16	7.86234e+17	3.33262e+16	1.53168e+18
185	2.85873e+13	3.05156e+17	2.95353e+17	9.36036e+16	7.90193e+17	3.33482e+16	1.53894e+18
186	2.85873e+13	3.06379e+17	2.96921e+17	9.38631e+16	7.93709e+17	3.33702e+16	1.54593e+18
187	2.85873e+13	3.07646e+17	2.98115e+17	9.41138e+16	7.97181e+17	3.33966e+16	1.55269e+18
188	2.85873e+13	3.08954e+17	2.99432e+17	9.43645e+16	8.01111e+17	3.34164e+16	1.55972e+18
189	2.85873e+13	3.10295e+17	3.00798e+17	9.46196e+16	8.05032e+17	3.34383e+16	1.56708e+18
190	2.85873e+13	3.11527e+17	3.01941e+17	9.48725e+16	8.08579e+17	3.34581e+16	1.57323e+18
191	2.85873e+13	3.12745e+17	3.0319e+17	9.51319e+16	8.11838e+17	3.34801e+16	1.57935e+18
192	2.85873e+13	3.13939e+17	3.04591e+17	9.54046e+16	8.15039e+17	3.35021e+16	1.58559e+18
193	2.85873e+13	3.15061e+17	3.06009e+17	9.56817e+16	8.18235e+17	3.35219e+16	1.5916e+18
194	2.85873e+13	3.1614e+17	3.07329e+17	9.59588e+16	8.21212e+17	3.35439e+16	1.59752e+18
195	2.85873e+13	3.17242e+17	3.08648e+17	9.62359e+16	8.24139e+17	3.35659e+16	1.60334e+18
196	2.85873e+13	3.18388e+17	3.10012e+17	9.65151e+16	8.27042e+17	3.35857e+16	1.60914e+18
197	2.85873e+13	3.19549e+17	3.11388e+17	9.68032e+16	8.30054e+17	3.36077e+16	1.61505e+18
198	3.07863e+13	3.20695e+17	3.12815e+17	9.70891e+16	8.33234e+17	3.36253e+16	1.62105e+18
199	3.51844e+13	3.21827e+17	3.14287e+17	9.73771e+16	8.36328e+17	3.36429e+16	1.62713e+18
200	3.51844e+13	3.22933e+17	3.15806e+17	9.76718e+16	8.39583e+17	3.36626e+16	1.63337e+18
